#!ascii label  , from subject fsaverage vox2ras=TkReg
788
22499  -43.348  -65.365  -17.087 0.0000000000
90536  -43.617  -64.600  -17.405 0.0000000000
114226  -43.108  -65.034  -16.598 0.0000000000
114228  -43.719  -63.540  -17.247 0.0000000000
10026  -43.824  -63.841  -17.706 0.0000000000
162138  -43.962  -62.966  -18.113 0.0000000000
162139  -43.741  -63.129  -18.574 0.0000000000
53219  -43.131  -64.007  -16.407 0.0000000000
22500  -43.432  -63.311  -16.746 0.0000000000
114227  -43.485  -64.301  -16.912 0.0000000000
162135  -43.880  -62.649  -17.680 0.0000000000
40394  -43.957  -62.125  -18.602 0.0000000000
162134  -43.650  -62.417  -17.111 0.0000000000
162137  -43.920  -61.864  -18.137 0.0000000000
162133  -43.218  -62.273  -16.576 0.0000000000
40393  -43.714  -61.756  -17.607 0.0000000000
90741  -43.847  -61.282  -19.044 0.0000000000
90740  -43.857  -61.176  -18.586 0.0000000000
162136  -43.662  -61.023  -18.093 0.0000000000
10053  -43.640  -60.426  -19.419 0.0000000000
90737  -43.354  -61.498  -17.028 0.0000000000
22567  -43.594  -60.252  -18.520 0.0000000000
114352  -43.292  -58.826  -19.617 0.0000000000
114350  -43.501  -59.553  -19.411 0.0000000000
114351  -43.420  -59.702  -19.705 0.0000000000
90738  -43.369  -60.831  -17.499 0.0000000000
114347  -43.324  -60.165  -17.966 0.0000000000
22568  -43.293  -58.578  -19.218 0.0000000000
114349  -43.484  -59.432  -18.908 0.0000000000
114353  -43.094  -58.137  -19.792 0.0000000000
22569  -43.203  -59.039  -19.952 0.0000000000
10052  -42.993  -59.925  -17.362 0.0000000000
2499  -42.685  -56.680  -18.674 0.0000000000
53286  -42.700  -57.467  -18.438 0.0000000000
22566  -42.802  -58.284  -18.131 0.0000000000
127980  -42.632  -55.996  -18.850 0.0000000000
53288  -42.908  -57.646  -18.914 0.0000000000
53287  -43.037  -58.463  -18.638 0.0000000000
114348  -43.198  -59.384  -18.304 0.0000000000
162151  -42.740  -56.210  -19.322 0.0000000000
53290  -42.828  -56.939  -19.124 0.0000000000
22570  -42.952  -57.215  -19.611 0.0000000000
53289  -43.112  -57.916  -19.436 0.0000000000
22565  -42.052  -58.018  -16.968 0.0000000000
28519  -41.801  -53.423  -18.222 0.0000000000
62889  -41.906  -54.092  -18.160 0.0000000000
127978  -41.993  -55.592  -17.773 0.0000000000
53285  -42.403  -57.305  -17.865 0.0000000000
114345  -42.457  -58.127  -17.548 0.0000000000
127985  -41.630  -52.759  -18.133 0.0000000000
127982  -42.115  -54.307  -18.689 0.0000000000
127979  -42.358  -55.742  -18.408 0.0000000000
53284  -42.375  -56.513  -18.169 0.0000000000
127986  -41.697  -53.118  -18.635 0.0000000000
127983  -41.911  -53.661  -18.720 0.0000000000
28518  -42.509  -55.290  -19.006 0.0000000000
114355  -41.702  -53.384  -19.099 0.0000000000
114356  -42.023  -54.247  -19.543 0.0000000000
90752  -42.591  -55.538  -19.432 0.0000000000
22572  -41.875  -54.496  -19.829 0.0000000000
97639  -41.250  -50.946  -16.423 0.0000000000
5603  -41.440  -52.788  -17.020 0.0000000000
28516  -41.473  -54.471  -16.758 0.0000000000
114342  -41.713  -56.249  -16.916 0.0000000000
114344  -41.989  -57.200  -17.289 0.0000000000
62891  -41.150  -50.652  -16.843 0.0000000000
62890  -41.611  -53.119  -17.615 0.0000000000
62887  -41.751  -54.635  -17.355 0.0000000000
127977  -41.727  -55.457  -17.141 0.0000000000
62893  -41.129  -51.016  -17.327 0.0000000000
62892  -41.269  -51.659  -17.474 0.0000000000
127987  -41.437  -52.416  -18.484 0.0000000000
22571  -41.400  -52.832  -18.967 0.0000000000
114357  -41.602  -53.640  -19.435 0.0000000000
44003  -41.231  -49.676  -15.327 0.0000000000
13283  -41.230  -50.684  -15.919 0.0000000000
97636  -41.268  -51.492  -15.949 0.0000000000
127975  -41.206  -54.295  -16.121 0.0000000000
162170  -41.017  -48.566  -15.716 0.0000000000
44004  -41.170  -49.975  -15.820 0.0000000000
97637  -41.262  -51.667  -16.457 0.0000000000
62885  -41.255  -53.429  -16.306 0.0000000000
127976  -41.448  -55.263  -16.542 0.0000000000
97641  -41.044  -49.614  -16.210 0.0000000000
162171  -40.915  -48.941  -16.152 0.0000000000
62895  -40.961  -50.364  -17.171 0.0000000000
62894  -41.126  -51.424  -17.829 0.0000000000
44005  -41.185  -48.941  -15.283 0.0000000000
44002  -41.249  -50.504  -15.425 0.0000000000
13282  -41.193  -52.360  -15.837 0.0000000000
40405  -40.925  -47.899  -15.734 0.0000000000
162173  -40.777  -48.275  -16.163 0.0000000000
40406  -40.612  -48.631  -16.582 0.0000000000
162175  -40.769  -49.711  -17.036 0.0000000000
28521  -40.889  -50.793  -17.618 0.0000000000
127989  -40.818  -51.216  -18.065 0.0000000000
53291  -41.072  -52.171  -18.706 0.0000000000
13281  -41.266  -50.256  -14.922 0.0000000000
90767  -41.054  -47.529  -15.288 0.0000000000
162169  -41.114  -48.230  -15.261 0.0000000000
44001  -41.300  -49.425  -14.886 0.0000000000
28515  -41.023  -54.065  -15.449 0.0000000000
162172  -40.866  -47.200  -15.823 0.0000000000
90770  -40.646  -47.569  -16.220 0.0000000000
90772  -40.512  -49.059  -16.985 0.0000000000
162177  -40.549  -50.641  -17.895 0.0000000000
2500  -40.766  -51.540  -18.515 0.0000000000
53295  -40.618  -51.866  -18.977 0.0000000000
137162  -41.509  -47.529  -14.421 0.0000000000
44000  -41.444  -49.180  -14.343 0.0000000000
31941  -41.290  -47.149  -14.926 0.0000000000
137163  -41.252  -47.867  -14.817 0.0000000000
43999  -41.463  -48.342  -14.375 0.0000000000
90768  -41.048  -46.870  -15.427 0.0000000000
90773  -40.285  -48.369  -17.002 0.0000000000
40407  -40.414  -49.501  -17.393 0.0000000000
162185  -40.297  -49.988  -17.827 0.0000000000
162186  -40.484  -50.959  -18.354 0.0000000000
162187  -40.364  -51.232  -18.821 0.0000000000
162188  -40.239  -51.598  -19.290 0.0000000000
90766  -41.340  -46.467  -15.098 0.0000000000
90769  -40.551  -46.907  -16.329 0.0000000000
162183  -40.118  -47.696  -17.057 0.0000000000
90780  -40.047  -49.336  -17.797 0.0000000000
90782  -40.112  -50.663  -18.705 0.0000000000
137164  -41.571  -46.788  -14.536 0.0000000000
7107  -41.394  -45.813  -15.282 0.0000000000
137165  -41.661  -46.133  -14.752 0.0000000000
114365  -41.096  -46.175  -15.632 0.0000000000
162180  -40.221  -46.590  -16.863 0.0000000000
40409  -39.950  -48.215  -17.414 0.0000000000
90779  -39.808  -48.716  -17.827 0.0000000000
90783  -39.844  -50.092  -18.655 0.0000000000
137166  -41.785  -45.454  -14.992 0.0000000000
114367  -40.847  -45.889  -16.191 0.0000000000
114364  -41.494  -45.156  -15.527 0.0000000000
162182  -39.989  -47.066  -17.176 0.0000000000
90777  -39.535  -47.929  -17.984 0.0000000000
114374  -39.567  -49.475  -18.647 0.0000000000
114366  -41.158  -45.467  -15.852 0.0000000000
162179  -40.546  -45.533  -16.777 0.0000000000
162181  -39.912  -46.350  -17.409 0.0000000000
93504  -49.032  -42.123  -20.970 0.0000000000
137169  -41.923  -44.847  -15.265 0.0000000000
31943  -42.492  -44.037  -15.407 0.0000000000
22578  -40.883  -45.183  -16.452 0.0000000000
53297  -41.224  -44.835  -16.138 0.0000000000
40408  -40.181  -45.924  -17.062 0.0000000000
93505  -48.620  -41.866  -20.698 0.0000000000
41707  -48.956  -41.832  -21.660 0.0000000000
22576  -41.595  -44.506  -15.836 0.0000000000
70094  -42.650  -43.490  -15.765 0.0000000000
70093  -43.147  -43.316  -15.643 0.0000000000
90775  -40.586  -44.874  -17.067 0.0000000000
162178  -40.961  -44.522  -16.776 0.0000000000
70091  -43.732  -43.188  -15.634 0.0000000000
114370  -39.900  -45.657  -17.695 0.0000000000
56004  -47.039  -41.867  -18.668 0.0000000000
31944  -42.779  -42.996  -16.185 0.0000000000
53298  -41.320  -44.224  -16.468 0.0000000000
137172  -42.291  -43.206  -16.354 0.0000000000
90771  -40.446  -47.910  -16.585 0.0000000000
10057  -40.303  -47.236  -16.712 0.0000000000
70095  -43.311  -42.841  -16.135 0.0000000000
137171  -42.150  -43.718  -15.990 0.0000000000
7108  -43.916  -42.753  -16.118 0.0000000000
93506  -48.264  -41.655  -20.495 0.0000000000
10988  -48.575  -41.585  -21.393 0.0000000000
137175  -44.566  -42.204  -16.653 0.0000000000
137174  -45.130  -42.252  -16.661 0.0000000000
24387  -46.151  -41.945  -17.560 0.0000000000
118343  -46.647  -41.706  -18.446 0.0000000000
24388  -47.086  -41.614  -19.308 0.0000000000
93508  -48.191  -41.387  -21.109 0.0000000000
70097  -45.703  -41.903  -17.383 0.0000000000
70096  -46.236  -41.654  -18.273 0.0000000000
118345  -47.447  -41.475  -20.109 0.0000000000
10989  -47.794  -41.231  -20.876 0.0000000000
137179  -43.475  -42.396  -16.605 0.0000000000
137177  -44.688  -41.835  -17.134 0.0000000000
31945  -45.224  -41.832  -17.227 0.0000000000
3309  -46.261  -41.340  -18.876 0.0000000000
118344  -46.679  -41.445  -19.096 0.0000000000
118346  -47.068  -41.328  -19.996 0.0000000000
101962  -46.220  -41.014  -19.467 0.0000000000
137176  -45.240  -41.471  -17.891 0.0000000000
70101  -44.203  -41.538  -17.548 0.0000000000
101963  -45.800  -41.225  -18.708 0.0000000000
114225  -43.043  -66.080  -16.746 0.0000000000
90538  -43.573  -64.943  -17.897 0.0000000000
114224  -42.703  -65.760  -16.248 0.0000000000
90540  -43.682  -64.118  -18.184 0.0000000000
22498  -42.762  -64.713  -16.065 0.0000000000
90742  -43.709  -62.221  -18.983 0.0000000000
53220  -42.962  -63.138  -16.175 0.0000000000
90743  -43.604  -61.396  -19.353 0.0000000000
40392  -42.892  -61.292  -16.424 0.0000000000
90736  -42.949  -60.640  -16.874 0.0000000000
90746  -42.882  -58.330  -20.061 0.0000000000
162153  -42.650  -56.824  -20.037 0.0000000000
114354  -42.927  -57.497  -19.962 0.0000000000
90733  -42.065  -58.802  -16.563 0.0000000000
90732  -42.547  -58.961  -17.233 0.0000000000
162154  -42.227  -55.130  -19.839 0.0000000000
114343  -41.704  -57.056  -16.646 0.0000000000
90755  -41.966  -55.483  -20.114 0.0000000000
5602  -41.406  -56.076  -16.275 0.0000000000
53292  -41.273  -53.101  -19.311 0.0000000000
114358  -41.525  -53.889  -19.793 0.0000000000
53293  -40.931  -52.539  -19.159 0.0000000000
62882  -40.827  -53.824  -14.783 0.0000000000
97635  -41.204  -51.338  -15.392 0.0000000000
62883  -40.930  -53.016  -15.103 0.0000000000
114362  -40.639  -53.044  -19.886 0.0000000000
97632  -41.410  -50.042  -14.351 0.0000000000
62877  -41.256  -50.905  -14.220 0.0000000000
114363  -40.382  -52.457  -19.835 0.0000000000
162189  -40.133  -51.855  -19.777 0.0000000000
137161  -41.761  -47.305  -13.999 0.0000000000
162190  -39.699  -50.295  -19.134 0.0000000000
31940  -41.884  -46.538  -14.231 0.0000000000
70089  -42.021  -45.854  -14.452 0.0000000000
22582  -39.416  -49.687  -19.081 0.0000000000
31942  -42.173  -45.196  -14.742 0.0000000000
137167  -42.815  -44.402  -14.862 0.0000000000
22580  -39.643  -46.753  -17.708 0.0000000000
114375  -39.309  -48.751  -18.720 0.0000000000
114376  -39.204  -49.011  -19.165 0.0000000000
10987  -48.657  -42.275  -20.019 0.0000000000
93502  -49.450  -42.423  -21.176 0.0000000000
10986  -49.351  -42.093  -21.872 0.0000000000
70092  -42.997  -43.829  -15.236 0.0000000000
101960  -44.306  -43.175  -15.567 0.0000000000
114371  -39.586  -46.012  -18.008 0.0000000000
55999  -48.282  -42.045  -19.821 0.0000000000
41706  -49.263  -41.791  -22.543 0.0000000000
15685  -44.989  -42.675  -16.112 0.0000000000
46405  -45.424  -42.687  -16.153 0.0000000000
118341  -46.018  -42.316  -16.948 0.0000000000
118342  -46.575  -42.051  -17.800 0.0000000000
22579  -39.601  -45.297  -18.325 0.0000000000
24386  -46.963  -42.154  -18.045 0.0000000000
56003  -47.411  -42.023  -18.904 0.0000000000
56005  -47.465  -41.739  -19.506 0.0000000000
41708  -48.812  -41.567  -22.298 0.0000000000
1389  -41.840  -43.337  -16.596 0.0000000000
90774  -40.658  -44.233  -17.384 0.0000000000
28523  -41.042  -43.916  -17.125 0.0000000000
127991  -41.440  -43.636  -16.851 0.0000000000
114369  -39.934  -44.961  -18.018 0.0000000000
41709  -48.442  -41.308  -22.042 0.0000000000
137181  -42.451  -42.661  -16.774 0.0000000000
137180  -42.950  -42.526  -16.634 0.0000000000
31947  -43.089  -42.025  -17.144 0.0000000000
70102  -43.593  -41.955  -17.077 0.0000000000
70100  -44.735  -41.446  -17.712 0.0000000000
15687  -45.275  -41.147  -18.519 0.0000000000
24389  -47.008  -41.089  -20.562 0.0000000000
70103  -43.689  -41.558  -17.561 0.0000000000
101964  -45.809  -40.972  -19.245 0.0000000000
15686  -46.171  -40.758  -20.078 0.0000000000
10025  -42.701  -66.786  -16.434 0.0000000000
90529  -42.317  -66.456  -15.885 0.0000000000
90537  -43.436  -65.646  -17.592 0.0000000000
22497  -42.005  -66.119  -15.347 0.0000000000
114223  -42.334  -65.454  -15.728 0.0000000000
40314  -43.509  -64.392  -18.581 0.0000000000
162140  -43.460  -63.316  -18.856 0.0000000000
53217  -42.335  -64.466  -15.497 0.0000000000
40395  -43.368  -62.375  -19.226 0.0000000000
53216  -42.217  -63.546  -15.283 0.0000000000
2490  -42.466  -62.855  -15.583 0.0000000000
90745  -43.401  -60.713  -19.590 0.0000000000
162132  -42.731  -62.002  -15.981 0.0000000000
162145  -43.102  -59.947  -19.812 0.0000000000
162131  -42.411  -61.077  -15.799 0.0000000000
90748  -42.454  -58.612  -20.143 0.0000000000
90735  -42.499  -60.402  -16.308 0.0000000000
90750  -42.089  -57.943  -20.220 0.0000000000
40391  -42.031  -59.520  -16.107 0.0000000000
90734  -42.527  -59.789  -16.744 0.0000000000
10054  -42.565  -57.701  -20.155 0.0000000000
162127  -41.665  -57.892  -16.306 0.0000000000
162128  -41.595  -58.666  -15.883 0.0000000000
162155  -42.332  -56.142  -20.086 0.0000000000
90731  -41.367  -56.958  -15.935 0.0000000000
10055  -41.271  -55.034  -20.262 0.0000000000
90729  -41.120  -55.833  -15.612 0.0000000000
114359  -41.270  -54.194  -20.018 0.0000000000
127971  -40.733  -54.600  -14.533 0.0000000000
127972  -40.969  -54.865  -15.221 0.0000000000
127973  -41.173  -55.074  -15.878 0.0000000000
22573  -41.187  -53.305  -19.678 0.0000000000
114361  -40.939  -53.597  -19.962 0.0000000000
28513  -40.659  -53.556  -14.164 0.0000000000
5601  -41.015  -52.002  -14.658 0.0000000000
90761  -40.386  -53.310  -20.155 0.0000000000
62879  -41.032  -51.736  -14.034 0.0000000000
10056  -40.126  -52.727  -20.055 0.0000000000
13279  -41.704  -48.141  -13.921 0.0000000000
13280  -41.546  -49.887  -13.806 0.0000000000
162192  -39.845  -52.077  -20.028 0.0000000000
137160  -42.137  -47.186  -13.686 0.0000000000
90785  -39.491  -50.505  -19.611 0.0000000000
70087  -42.266  -46.430  -13.888 0.0000000000
70088  -42.414  -45.667  -14.210 0.0000000000
7106  -43.132  -44.862  -14.351 0.0000000000
101958  -43.328  -44.248  -14.743 0.0000000000
114377  -39.035  -49.264  -19.591 0.0000000000
55992  -49.852  -42.624  -21.575 0.0000000000
93501  -49.773  -42.260  -22.187 0.0000000000
101959  -44.110  -43.685  -15.053 0.0000000000
15683  -44.552  -43.602  -15.085 0.0000000000
46403  -45.204  -43.130  -15.590 0.0000000000
1388  -45.890  -42.706  -16.342 0.0000000000
118340  -46.440  -42.444  -17.116 0.0000000000
118339  -46.841  -42.588  -17.291 0.0000000000
53302  -39.102  -47.991  -18.869 0.0000000000
22583  -39.028  -48.380  -19.278 0.0000000000
56002  -47.304  -42.388  -18.153 0.0000000000
56001  -47.799  -42.198  -19.049 0.0000000000
93503  -49.069  -42.470  -20.322 0.0000000000
3306  -49.511  -42.696  -20.613 0.0000000000
41705  -49.686  -42.059  -22.844 0.0000000000
2501  -39.095  -46.221  -18.987 0.0000000000
128000  -39.409  -45.087  -19.017 0.0000000000
127992  -41.551  -43.065  -17.224 0.0000000000
127998  -40.021  -44.307  -18.385 0.0000000000
127994  -40.754  -43.646  -17.729 0.0000000000
127993  -41.129  -43.350  -17.486 0.0000000000
127999  -39.669  -44.607  -18.699 0.0000000000
93509  -48.063  -41.206  -21.673 0.0000000000
137182  -42.588  -42.229  -17.206 0.0000000000
56008  -47.276  -40.862  -21.264 0.0000000000
137183  -42.702  -41.789  -17.682 0.0000000000
70104  -43.207  -41.632  -17.602 0.0000000000
70099  -44.795  -41.141  -18.348 0.0000000000
118349  -46.509  -40.648  -20.888 0.0000000000
70105  -43.781  -41.200  -18.048 0.0000000000
7109  -44.262  -41.171  -18.120 0.0000000000
101966  -44.826  -40.840  -18.860 0.0000000000
15688  -45.327  -40.590  -19.545 0.0000000000
46408  -45.708  -40.372  -20.353 0.0000000000
90530  -42.018  -67.084  -15.495 0.0000000000
161893  -43.192  -66.379  -17.246 0.0000000000
40313  -43.246  -65.866  -17.987 0.0000000000
161884  -41.742  -66.749  -14.933 0.0000000000
90539  -43.404  -65.144  -18.302 0.0000000000
114221  -41.693  -65.763  -14.776 0.0000000000
161898  -43.005  -64.485  -18.785 0.0000000000
162141  -42.955  -63.509  -19.059 0.0000000000
162142  -42.825  -62.665  -19.258 0.0000000000
22496  -41.947  -64.237  -14.974 0.0000000000
162143  -42.634  -61.874  -19.429 0.0000000000
90744  -43.203  -61.604  -19.490 0.0000000000
127883  -41.790  -63.303  -14.679 0.0000000000
162146  -42.750  -60.152  -19.887 0.0000000000
40397  -42.329  -59.477  -20.012 0.0000000000
162123  -42.252  -61.804  -15.347 0.0000000000
90749  -41.877  -58.827  -20.105 0.0000000000
90728  -41.503  -59.979  -15.036 0.0000000000
162130  -41.988  -60.166  -15.639 0.0000000000
162158  -41.133  -57.626  -20.169 0.0000000000
162157  -41.762  -57.289  -20.273 0.0000000000
162126  -41.188  -58.454  -15.240 0.0000000000
10051  -41.124  -59.134  -14.842 0.0000000000
90758  -41.115  -56.104  -20.252 0.0000000000
90757  -41.465  -56.677  -20.303 0.0000000000
90730  -41.031  -56.638  -15.302 0.0000000000
90760  -40.784  -55.454  -20.275 0.0000000000
127970  -40.644  -55.422  -14.242 0.0000000000
28514  -40.860  -55.689  -14.934 0.0000000000
114360  -40.939  -54.474  -20.231 0.0000000000
127969  -40.566  -54.368  -13.881 0.0000000000
22574  -40.651  -53.899  -20.207 0.0000000000
127968  -40.601  -53.262  -13.526 0.0000000000
90763  -39.979  -53.660  -20.261 0.0000000000
62880  -40.779  -52.490  -13.788 0.0000000000
90765  -39.730  -53.042  -20.234 0.0000000000
127964  -41.775  -49.736  -13.321 0.0000000000
28512  -41.105  -51.530  -13.445 0.0000000000
97630  -41.905  -48.861  -13.447 0.0000000000
162193  -39.447  -52.332  -20.188 0.0000000000
137159  -42.557  -47.083  -13.356 0.0000000000
90786  -39.299  -50.700  -19.950 0.0000000000
31939  -42.713  -46.341  -13.619 0.0000000000
114378  -38.832  -49.510  -19.914 0.0000000000
10059  -39.072  -50.116  -19.920 0.0000000000
70086  -42.910  -45.575  -13.959 0.0000000000
70084  -43.669  -44.870  -14.172 0.0000000000
101955  -44.795  -44.341  -14.499 0.0000000000
15681  -45.493  -43.874  -15.073 0.0000000000
46401  -45.699  -43.260  -15.662 0.0000000000
46400  -46.146  -43.445  -15.749 0.0000000000
15679  -46.709  -43.090  -16.565 0.0000000000
24385  -47.711  -42.631  -18.385 0.0000000000
118336  -48.106  -42.841  -18.624 0.0000000000
118335  -48.607  -42.658  -19.442 0.0000000000
55998  -49.051  -42.853  -19.709 0.0000000000
55996  -49.509  -43.103  -20.033 0.0000000000
114380  -38.709  -48.034  -19.811 0.0000000000
55994  -49.963  -42.923  -21.005 0.0000000000
22585  -38.784  -46.916  -19.726 0.0000000000
162205  -38.993  -45.893  -19.727 0.0000000000
62902  -40.114  -43.661  -18.778 0.0000000000
128002  -39.537  -44.379  -19.433 0.0000000000
28526  -39.811  -44.001  -19.113 0.0000000000
10990  -48.290  -41.025  -22.564 0.0000000000
62897  -41.655  -42.552  -17.602 0.0000000000
127996  -40.821  -43.051  -18.127 0.0000000000
28524  -41.226  -42.786  -17.908 0.0000000000
28525  -40.440  -43.302  -18.452 0.0000000000
24390  -46.806  -40.554  -21.642 0.0000000000
162229  -47.007  -40.384  -22.372 0.0000000000
93510  -47.893  -40.901  -22.286 0.0000000000
62896  -42.247  -41.964  -17.824 0.0000000000
1390  -46.044  -40.232  -21.153 0.0000000000
118350  -46.426  -40.373  -21.405 0.0000000000
137184  -42.808  -41.322  -18.269 0.0000000000
101967  -44.333  -40.846  -18.657 0.0000000000
46409  -45.310  -40.277  -20.122 0.0000000000
46406  -46.134  -40.497  -20.619 0.0000000000
31948  -43.299  -41.250  -18.081 0.0000000000
15689  -44.359  -40.497  -19.180 0.0000000000
101968  -44.850  -40.527  -19.382 0.0000000000
90531  -42.340  -67.435  -16.075 0.0000000000
90535  -42.888  -67.114  -16.893 0.0000000000
161894  -43.044  -66.582  -17.637 0.0000000000
40309  -41.540  -67.317  -14.510 0.0000000000
161896  -42.900  -65.974  -18.274 0.0000000000
161882  -41.342  -67.775  -14.173 0.0000000000
90528  -41.516  -66.357  -14.403 0.0000000000
41153  -42.309  -63.820  -18.964 0.0000000000
5579  -41.454  -65.449  -14.224 0.0000000000
10433  -42.134  -62.993  -19.116 0.0000000000
127881  -41.379  -64.493  -14.047 0.0000000000
127882  -41.564  -63.918  -14.374 0.0000000000
162144  -42.368  -61.109  -19.592 0.0000000000
62819  -41.419  -62.985  -14.067 0.0000000000
162147  -42.070  -60.383  -19.744 0.0000000000
162122  -41.810  -61.540  -14.691 0.0000000000
127884  -42.029  -62.597  -14.973 0.0000000000
162148  -41.781  -59.755  -19.864 0.0000000000
162149  -41.321  -59.184  -19.906 0.0000000000
162150  -40.841  -58.586  -19.927 0.0000000000
40388  -41.090  -60.378  -13.948 0.0000000000
90727  -41.481  -60.672  -14.530 0.0000000000
162159  -40.429  -57.945  -19.942 0.0000000000
90725  -40.768  -59.431  -13.769 0.0000000000
90759  -40.495  -56.325  -20.147 0.0000000000
40401  -40.806  -57.001  -20.159 0.0000000000
114340  -40.446  -57.871  -13.904 0.0000000000
40402  -40.190  -55.742  -20.133 0.0000000000
22563  -40.576  -57.176  -14.256 0.0000000000
162162  -39.590  -56.082  -19.876 0.0000000000
53283  -40.498  -56.184  -13.910 0.0000000000
162164  -39.919  -55.107  -20.127 0.0000000000
53279  -40.351  -54.812  -12.928 0.0000000000
40403  -39.676  -54.483  -20.119 0.0000000000
162163  -40.480  -54.810  -20.308 0.0000000000
53278  -40.473  -53.752  -12.586 0.0000000000
90764  -39.469  -53.946  -20.109 0.0000000000
22557  -40.613  -52.977  -12.926 0.0000000000
162194  -38.957  -52.624  -20.046 0.0000000000
127966  -41.257  -51.309  -12.877 0.0000000000
28511  -42.066  -49.617  -12.852 0.0000000000
90787  -39.189  -51.641  -20.121 0.0000000000
62876  -42.255  -48.701  -13.024 0.0000000000
90788  -38.951  -50.972  -20.083 0.0000000000
5599  -42.397  -47.875  -13.161 0.0000000000
162199  -38.441  -49.671  -20.096 0.0000000000
137158  -43.234  -46.308  -13.392 0.0000000000
70085  -43.458  -45.556  -13.772 0.0000000000
137157  -43.973  -45.627  -13.578 0.0000000000
101954  -44.631  -44.968  -13.999 0.0000000000
101949  -47.151  -43.321  -16.747 0.0000000000
118337  -47.636  -43.080  -17.639 0.0000000000
24384  -48.554  -43.072  -18.907 0.0000000000
90795  -38.030  -47.943  -20.524 0.0000000000
55995  -49.994  -43.344  -20.454 0.0000000000
90793  -38.134  -48.561  -20.341 0.0000000000
90792  -38.261  -49.108  -20.195 0.0000000000
10985  -50.201  -42.555  -22.543 0.0000000000
101953  -45.291  -44.494  -14.531 0.0000000000
101952  -45.984  -44.051  -15.153 0.0000000000
101951  -46.580  -43.680  -15.877 0.0000000000
3307  -47.593  -43.591  -16.972 0.0000000000
118334  -48.081  -43.262  -17.943 0.0000000000
118333  -48.506  -43.509  -18.254 0.0000000000
55997  -49.047  -43.305  -19.163 0.0000000000
10060  -38.443  -47.678  -20.401 0.0000000000
93500  -50.100  -42.282  -23.113 0.0000000000
40418  -38.387  -46.310  -21.100 0.0000000000
40417  -38.959  -45.594  -20.523 0.0000000000
90797  -39.127  -45.245  -20.139 0.0000000000
155  -49.108  -41.426  -23.177 0.0000000000
62900  -40.931  -42.509  -18.529 0.0000000000
128003  -39.709  -43.749  -19.893 0.0000000000
90796  -39.483  -44.206  -20.228 0.0000000000
162228  -47.362  -40.428  -22.587 0.0000000000
162224  -48.095  -40.612  -23.089 0.0000000000
127995  -41.340  -42.278  -18.275 0.0000000000
62898  -41.740  -42.067  -18.010 0.0000000000
62901  -40.551  -42.765  -18.838 0.0000000000
28528  -40.162  -42.830  -20.044 0.0000000000
162239  -46.201  -39.682  -22.564 0.0000000000
162230  -46.680  -40.238  -22.173 0.0000000000
90817  -46.915  -39.964  -22.947 0.0000000000
97643  -41.840  -41.601  -18.459 0.0000000000
5606  -42.356  -41.458  -18.387 0.0000000000
46410  -45.658  -40.109  -20.866 0.0000000000
162240  -45.926  -39.947  -21.703 0.0000000000
137186  -43.370  -40.906  -18.578 0.0000000000
137185  -43.839  -40.875  -18.581 0.0000000000
70107  -43.900  -40.519  -19.103 0.0000000000
101969  -44.867  -40.224  -19.879 0.0000000000
15690  -45.321  -40.000  -20.623 0.0000000000
22495  -41.138  -68.196  -13.866 0.0000000000
161883  -41.475  -68.180  -14.744 0.0000000000
40310  -41.978  -68.028  -15.687 0.0000000000
90533  -42.557  -67.803  -16.562 0.0000000000
90534  -42.610  -68.009  -17.046 0.0000000000
161885  -41.739  -67.654  -15.105 0.0000000000
36008  -42.389  -66.082  -18.421 0.0000000000
161881  -41.220  -67.376  -13.574 0.0000000000
40  -42.455  -64.640  -18.812 0.0000000000
28473  -41.227  -66.509  -13.398 0.0000000000
41152  -41.576  -63.928  -18.795 0.0000000000
90526  -41.324  -65.970  -13.833 0.0000000000
127878  -41.237  -65.068  -13.661 0.0000000000
92506  -41.418  -63.163  -18.896 0.0000000000
92507  -41.943  -62.164  -19.284 0.0000000000
28475  -41.247  -63.618  -13.739 0.0000000000
2753  -41.705  -61.426  -19.417 0.0000000000
54338  -41.383  -60.708  -19.520 0.0000000000
62820  -41.273  -62.022  -13.709 0.0000000000
116009  -40.593  -59.436  -19.655 0.0000000000
162117  -40.831  -60.683  -12.870 0.0000000000
162120  -41.087  -61.081  -13.479 0.0000000000
162121  -41.413  -61.331  -14.082 0.0000000000
833  -40.195  -58.881  -19.639 0.0000000000
40387  -40.575  -59.701  -12.656 0.0000000000
44738  -39.838  -58.310  -19.611 0.0000000000
90723  -40.239  -58.778  -12.471 0.0000000000
22562  -40.440  -58.524  -13.546 0.0000000000
162161  -39.848  -56.745  -19.849 0.0000000000
162160  -40.124  -57.370  -19.872 0.0000000000
114338  -40.208  -58.178  -12.873 0.0000000000
6107  -39.022  -56.464  -19.577 0.0000000000
114339  -40.222  -57.582  -13.243 0.0000000000
53282  -40.344  -56.879  -13.584 0.0000000000
65093  -38.762  -55.825  -19.539 0.0000000000
114336  -40.076  -56.144  -12.193 0.0000000000
162165  -39.342  -55.484  -19.913 0.0000000000
114335  -40.223  -55.094  -11.884 0.0000000000
22559  -40.337  -54.444  -12.239 0.0000000000
53280  -40.201  -55.495  -12.563 0.0000000000
162167  -38.890  -54.167  -19.883 0.0000000000
114333  -40.445  -54.175  -11.565 0.0000000000
162168  -38.674  -53.476  -19.835 0.0000000000
114332  -40.582  -53.449  -11.976 0.0000000000
114329  -40.983  -52.025  -12.608 0.0000000000
162195  -38.460  -52.817  -19.801 0.0000000000
114330  -41.240  -51.856  -12.114 0.0000000000
40413  -38.732  -52.035  -20.012 0.0000000000
127963  -41.805  -50.423  -12.658 0.0000000000
90789  -38.487  -51.355  -20.002 0.0000000000
62875  -42.688  -48.653  -12.634 0.0000000000
40414  -38.245  -50.706  -20.002 0.0000000000
62874  -42.886  -47.807  -12.861 0.0000000000
90794  -37.640  -48.925  -20.220 0.0000000000
15672  -50.433  -44.183  -20.262 0.0000000000
40415  -37.801  -49.506  -20.114 0.0000000000
31938  -43.800  -46.333  -13.226 0.0000000000
70082  -44.335  -46.460  -13.149 0.0000000000
118329  -49.979  -43.890  -19.921 0.0000000000
162204  -36.946  -48.542  -19.950 0.0000000000
118328  -50.481  -43.641  -20.825 0.0000000000
24381  -50.414  -43.183  -21.428 0.0000000000
118326  -50.757  -43.169  -22.421 0.0000000000
70083  -44.498  -45.740  -13.540 0.0000000000
70081  -45.013  -45.921  -13.532 0.0000000000
70079  -45.634  -45.348  -14.041 0.0000000000
70078  -46.300  -44.905  -14.757 0.0000000000
137148  -46.941  -44.438  -15.548 0.0000000000
101950  -47.036  -43.861  -16.114 0.0000000000
70076  -47.516  -44.122  -16.302 0.0000000000
70074  -48.026  -43.810  -17.264 0.0000000000
24383  -48.444  -44.065  -17.567 0.0000000000
118332  -48.958  -43.804  -18.553 0.0000000000
24382  -49.499  -43.605  -19.479 0.0000000000
162212  -37.379  -47.758  -20.483 0.0000000000
118325  -50.630  -42.822  -22.913 0.0000000000
162211  -37.955  -47.323  -20.767 0.0000000000
90803  -37.813  -46.095  -21.296 0.0000000000
90801  -38.375  -45.718  -21.386 0.0000000000
90800  -38.784  -45.346  -21.288 0.0000000000
162208  -39.161  -44.979  -20.944 0.0000000000
41704  -49.553  -41.718  -23.456 0.0000000000
143784  -48.948  -41.020  -23.662 0.0000000000
128004  -39.921  -43.184  -20.358 0.0000000000
114383  -39.487  -43.973  -21.097 0.0000000000
162238  -46.478  -39.310  -23.255 0.0000000000
162227  -47.649  -40.079  -23.233 0.0000000000
5608  -40.720  -42.253  -19.305 0.0000000000
13287  -41.440  -41.814  -18.702 0.0000000000
62905  -40.441  -42.559  -19.656 0.0000000000
128006  -40.386  -42.322  -20.559 0.0000000000
40428  -45.797  -39.571  -22.325 0.0000000000
90818  -46.832  -39.470  -23.380 0.0000000000
97644  -41.975  -41.137  -18.963 0.0000000000
97642  -42.466  -41.005  -18.839 0.0000000000
162242  -45.169  -39.611  -21.172 0.0000000000
90827  -45.475  -39.445  -22.014 0.0000000000
162241  -45.562  -39.791  -21.442 0.0000000000
137187  -42.904  -40.947  -18.637 0.0000000000
31949  -43.398  -40.548  -19.079 0.0000000000
70108  -43.930  -40.137  -19.557 0.0000000000
70106  -44.369  -40.158  -19.679 0.0000000000
7110  -44.371  -39.787  -20.160 0.0000000000
101970  -44.844  -39.851  -20.387 0.0000000000
621  -41.264  -48.560  -14.853 0.0000000000
2498  -40.488  -55.146  -13.596 0.0000000000
3308  -47.834  -41.832  -19.659 0.0000000000
3310  -47.489  -40.832  -21.999 0.0000000000
5600  -41.507  -51.141  -12.407 0.0000000000
5604  -41.983  -53.951  -19.151 0.0000000000
5605  -41.023  -49.929  -16.686 0.0000000000
5607  -40.297  -44.504  -17.743 0.0000000000
5609  -39.719  -43.520  -20.746 0.0000000000
7105  -45.145  -45.201  -13.966 0.0000000000
10058  -39.667  -49.061  -18.205 0.0000000000
13284  -41.259  -51.331  -16.960 0.0000000000
13285  -41.109  -49.252  -15.751 0.0000000000
14018  -39.531  -57.687  -19.603 0.0000000000
15680  -46.460  -44.254  -15.328 0.0000000000
15682  -44.152  -44.949  -14.025 0.0000000000
15684  -43.528  -43.690  -15.160 0.0000000000
22558  -40.972  -52.509  -11.809 0.0000000000
22561  -40.152  -56.516  -12.932 0.0000000000
22564  -41.998  -56.410  -17.580 0.0000000000
22575  -40.518  -52.197  -19.398 0.0000000000
22577  -40.841  -46.615  -15.978 0.0000000000
22581  -39.245  -47.621  -18.503 0.0000000000
22584  -38.625  -48.930  -19.957 0.0000000000
22587  -39.267  -44.378  -21.365 0.0000000000
23387  -41.010  -60.022  -19.600 0.0000000000
28476  -41.607  -62.327  -14.367 0.0000000000
28509  -43.386  -47.844  -12.647 0.0000000000
28517  -41.968  -54.782  -18.002 0.0000000000
28520  -41.395  -52.064  -18.004 0.0000000000
28522  -42.160  -42.420  -17.336 0.0000000000
28527  -39.307  -44.861  -19.746 0.0000000000
31946  -44.142  -41.877  -17.083 0.0000000000
40312  -42.843  -67.264  -17.331 0.0000000000
40389  -41.968  -60.817  -15.171 0.0000000000
40390  -41.281  -57.743  -15.596 0.0000000000
40396  -42.986  -60.870  -19.699 0.0000000000
40398  -41.477  -58.213  -20.174 0.0000000000
40399  -42.585  -55.868  -19.824 0.0000000000
40400  -41.935  -56.444  -20.259 0.0000000000
40404  -39.210  -53.287  -20.081 0.0000000000
40410  -40.220  -50.380  -18.218 0.0000000000
40411  -39.989  -50.938  -19.211 0.0000000000
40412  -39.562  -51.400  -19.992 0.0000000000
40416  -37.504  -48.350  -20.343 0.0000000000
40424  -47.255  -40.048  -23.073 0.0000000000
40425  -46.578  -39.818  -22.725 0.0000000000
41710  -48.654  -41.182  -22.889 0.0000000000
46399  -46.290  -42.936  -16.402 0.0000000000
46402  -44.998  -43.715  -15.050 0.0000000000
46404  -44.784  -43.094  -15.592 0.0000000000
46407  -45.787  -40.651  -19.775 0.0000000000
53215  -41.022  -67.824  -13.233 0.0000000000
53218  -42.706  -63.805  -15.841 0.0000000000
53277  -40.480  -54.118  -13.259 0.0000000000
53281  -40.326  -55.856  -13.283 0.0000000000
53294  -40.845  -52.760  -19.537 0.0000000000
53296  -41.690  -43.887  -16.199 0.0000000000
53299  -39.337  -45.845  -18.597 0.0000000000
53300  -39.303  -46.482  -18.335 0.0000000000
53301  -39.145  -46.893  -18.725 0.0000000000
53303  -38.940  -47.233  -19.098 0.0000000000
53304  -38.885  -47.684  -19.441 0.0000000000
53305  -38.920  -46.534  -19.391 0.0000000000
55993  -50.271  -42.852  -21.972 0.0000000000
56000  -48.206  -42.383  -19.218 0.0000000000
56006  -47.712  -41.004  -21.470 0.0000000000
56007  -47.389  -41.175  -20.727 0.0000000000
56009  -46.916  -40.780  -21.165 0.0000000000
56010  -47.119  -40.688  -21.820 0.0000000000
62878  -41.362  -50.712  -13.679 0.0000000000
62881  -40.786  -52.819  -14.410 0.0000000000
62884  -41.252  -52.562  -16.418 0.0000000000
62886  -41.475  -53.653  -16.922 0.0000000000
62888  -41.722  -53.804  -17.586 0.0000000000
62899  -41.080  -42.046  -18.952 0.0000000000
62903  -40.253  -43.078  -19.195 0.0000000000
62904  -39.971  -43.395  -19.538 0.0000000000
70077  -45.783  -44.653  -14.619 0.0000000000
70090  -42.622  -45.026  -14.514 0.0000000000
70098  -45.767  -41.553  -18.102 0.0000000000
70109  -43.446  -40.162  -19.532 0.0000000000
70110  -43.914  -39.825  -20.107 0.0000000000
90527  -41.371  -66.903  -13.978 0.0000000000
90710  -40.806  -53.195  -11.432 0.0000000000
90724  -40.761  -58.843  -14.204 0.0000000000
90726  -41.081  -59.764  -14.399 0.0000000000
90739  -43.702  -60.396  -19.008 0.0000000000
90747  -42.771  -59.226  -19.999 0.0000000000
90751  -42.269  -54.568  -19.128 0.0000000000
90753  -42.348  -54.882  -19.506 0.0000000000
90754  -41.617  -54.821  -20.062 0.0000000000
90756  -41.612  -55.727  -20.268 0.0000000000
90762  -40.214  -54.230  -20.273 0.0000000000
90776  -40.246  -45.181  -17.428 0.0000000000
90778  -39.782  -47.483  -17.537 0.0000000000
90781  -39.931  -49.725  -18.174 0.0000000000
90784  -39.235  -49.852  -19.569 0.0000000000
90790  -38.731  -50.359  -20.071 0.0000000000
90791  -38.513  -48.306  -20.128 0.0000000000
90798  -39.334  -44.620  -20.621 0.0000000000
90802  -37.890  -46.708  -21.027 0.0000000000
90816  -47.231  -39.493  -23.458 0.0000000000
93507  -47.820  -41.565  -20.255 0.0000000000
97629  -42.022  -48.000  -13.537 0.0000000000
97631  -41.642  -49.046  -13.848 0.0000000000
97633  -41.186  -51.132  -14.857 0.0000000000
97634  -41.080  -52.187  -15.257 0.0000000000
97638  -41.383  -52.017  -17.013 0.0000000000
97640  -41.166  -50.271  -16.304 0.0000000000
101956  -44.336  -44.231  -14.531 0.0000000000
101957  -43.877  -44.202  -14.629 0.0000000000
101961  -44.490  -42.703  -16.066 0.0000000000
101965  -45.315  -40.876  -19.045 0.0000000000
114220  -41.636  -64.911  -14.610 0.0000000000
114222  -41.987  -65.127  -15.138 0.0000000000
114331  -40.737  -52.696  -12.322 0.0000000000
114341  -40.843  -58.212  -14.589 0.0000000000
114346  -42.945  -59.129  -17.789 0.0000000000
114368  -40.508  -46.213  -16.491 0.0000000000
114372  -39.373  -47.165  -18.152 0.0000000000
114373  -39.423  -48.398  -18.300 0.0000000000
114379  -38.840  -48.678  -19.663 0.0000000000
114381  -38.631  -47.341  -20.071 0.0000000000
118327  -50.840  -43.528  -21.841 0.0000000000
118338  -47.225  -42.844  -17.425 0.0000000000
118347  -46.650  -41.189  -19.755 0.0000000000
118348  -46.609  -40.936  -20.358 0.0000000000
127877  -41.152  -65.651  -13.265 0.0000000000
127880  -41.115  -64.166  -13.421 0.0000000000
127965  -41.551  -50.549  -13.147 0.0000000000
127967  -40.812  -52.244  -13.154 0.0000000000
127974  -41.089  -53.276  -15.674 0.0000000000
127981  -42.307  -55.008  -18.558 0.0000000000
127984  -41.471  -52.401  -17.579 0.0000000000
127988  -41.120  -51.778  -18.275 0.0000000000
127990  -41.992  -42.830  -16.975 0.0000000000
127997  -40.361  -43.909  -18.052 0.0000000000
128001  -39.160  -45.499  -19.343 0.0000000000
128005  -40.633  -42.096  -20.147 0.0000000000
137156  -43.032  -47.078  -13.086 0.0000000000
137168  -42.344  -44.609  -15.049 0.0000000000
137170  -42.046  -44.284  -15.609 0.0000000000
137173  -45.652  -42.319  -16.742 0.0000000000
137178  -44.038  -42.291  -16.611 0.0000000000
137188  -42.970  -40.522  -19.100 0.0000000000
161897  -42.970  -65.266  -18.532 0.0000000000
162118  -40.489  -59.131  -13.125 0.0000000000
162119  -40.814  -60.053  -13.316 0.0000000000
162124  -40.732  -56.435  -14.621 0.0000000000
162125  -40.925  -57.444  -14.963 0.0000000000
162129  -41.556  -59.297  -15.507 0.0000000000
162152  -42.782  -56.536  -19.733 0.0000000000
162156  -42.252  -57.145  -20.243 0.0000000000
162166  -39.110  -54.840  -19.910 0.0000000000
162174  -40.803  -49.282  -16.620 0.0000000000
162176  -40.657  -50.169  -17.482 0.0000000000
162184  -40.158  -48.846  -17.380 0.0000000000
162191  -39.856  -51.250  -19.721 0.0000000000
162200  -38.017  -50.081  -20.026 0.0000000000
162206  -38.832  -46.230  -20.107 0.0000000000
162207  -38.601  -46.625  -20.462 0.0000000000
162209  -38.701  -45.973  -20.886 0.0000000000
162210  -38.400  -47.012  -20.727 0.0000000000
162225  -47.728  -40.509  -22.792 0.0000000000
162231  -46.335  -40.079  -21.957 0.0000000000
162246  -44.350  -39.441  -20.789 0.0000000000
