#!ascii label  , from subject fsaverage vox2ras=TkReg
862
112196  -32.441  -88.964  12.314 0.0000000000
157832  -31.588  -88.469  12.599 0.0000000000
112195  -32.156  -88.547  12.537 0.0000000000
55604  -36.658  -83.576  24.048 0.0000000000
157853  -37.041  -83.659  23.723 0.0000000000
55603  -36.280  -83.661  23.557 0.0000000000
24146  -36.555  -83.886  23.244 0.0000000000
87150  -32.137  -87.506  12.672 0.0000000000
27797  -31.873  -86.870  12.634 0.0000000000
157847  -36.843  -82.479  26.569 0.0000000000
87166  -37.315  -82.372  26.211 0.0000000000
93265  -36.309  -82.934  25.809 0.0000000000
10854  -36.533  -82.771  26.197 0.0000000000
87167  -37.717  -82.206  25.802 0.0000000000
10853  -36.052  -83.022  25.419 0.0000000000
157849  -37.057  -83.046  25.181 0.0000000000
55600  -36.396  -83.178  25.121 0.0000000000
3174  -36.721  -83.319  24.823 0.0000000000
157851  -37.429  -83.074  24.892 0.0000000000
55601  -36.134  -83.212  24.679 0.0000000000
55602  -36.372  -83.435  24.359 0.0000000000
38964  -37.447  -83.401  24.106 0.0000000000
93258  -34.705  -81.942  28.327 0.0000000000
10850  -35.179  -82.094  28.172 0.0000000000
41570  -35.728  -82.202  27.918 0.0000000000
142297  -36.526  -81.873  27.813 0.0000000000
93260  -34.971  -82.153  27.661 0.0000000000
135  -36.249  -82.240  27.524 0.0000000000
10852  -35.778  -82.551  26.810 0.0000000000
41574  -36.398  -82.521  26.882 0.0000000000
93264  -35.937  -82.786  26.099 0.0000000000
41573  -36.163  -82.682  26.499 0.0000000000
93263  -35.711  -82.809  25.684 0.0000000000
117778  -35.904  -83.138  24.161 0.0000000000
24145  -36.102  -83.405  23.873 0.0000000000
117779  -35.885  -83.221  23.344 0.0000000000
117780  -36.020  -83.550  23.095 0.0000000000
15280  -35.994  -83.726  22.288 0.0000000000
46001  -35.988  -83.887  21.528 0.0000000000
52083  -31.723  -84.943  12.741 0.0000000000
93256  -35.249  -81.553  29.211 0.0000000000
10848  -35.814  -81.584  28.849 0.0000000000
41569  -35.497  -81.895  28.576 0.0000000000
93259  -34.529  -81.916  27.887 0.0000000000
41568  -36.048  -81.968  28.233 0.0000000000
117767  -34.363  -81.759  27.445 0.0000000000
55593  -35.101  -82.317  26.568 0.0000000000
3172  -35.318  -82.526  25.929 0.0000000000
117777  -35.850  -82.937  24.965 0.0000000000
24144  -35.664  -82.713  24.436 0.0000000000
117776  -35.717  -82.838  23.611 0.0000000000
3173  -35.714  -82.918  22.737 0.0000000000
101233  -35.684  -82.994  21.894 0.0000000000
68885  -35.558  -82.712  19.585 0.0000000000
68883  -35.735  -83.134  20.267 0.0000000000
68888  -35.153  -83.104  17.939 0.0000000000
135643  -34.805  -83.372  17.131 0.0000000000
61681  -34.055  -83.366  15.743 0.0000000000
5201  -32.815  -83.319  14.014 0.0000000000
126292  -33.353  -83.510  14.467 0.0000000000
27794  -33.833  -83.699  15.072 0.0000000000
52085  -31.036  -84.937  12.523 0.0000000000
52084  -31.479  -84.347  12.735 0.0000000000
21363  -32.148  -84.341  13.046 0.0000000000
112181  -32.541  -83.767  13.482 0.0000000000
27795  -33.409  -84.508  13.773 0.0000000000
112184  -31.255  -83.750  12.694 0.0000000000
117769  -34.114  -80.980  26.345 0.0000000000
101219  -34.099  -80.497  25.661 0.0000000000
55595  -34.906  -82.112  26.129 0.0000000000
117770  -34.421  -81.143  25.622 0.0000000000
55597  -35.165  -82.269  25.389 0.0000000000
55596  -34.777  -81.766  25.535 0.0000000000
55599  -35.501  -82.640  25.223 0.0000000000
55598  -35.374  -82.322  24.617 0.0000000000
117775  -35.516  -82.387  23.825 0.0000000000
68880  -35.586  -82.471  22.895 0.0000000000
68881  -35.464  -82.054  22.164 0.0000000000
31377  -35.470  -82.095  21.344 0.0000000000
135637  -35.443  -82.106  20.564 0.0000000000
31378  -35.420  -82.188  19.716 0.0000000000
135639  -35.164  -81.752  18.985 0.0000000000
27793  -33.343  -82.564  15.221 0.0000000000
87130  -32.554  -82.790  14.069 0.0000000000
87128  -33.082  -82.944  14.590 0.0000000000
126291  -33.583  -83.145  15.135 0.0000000000
21364  -31.680  -83.185  13.074 0.0000000000
112182  -32.268  -83.241  13.516 0.0000000000
87131  -31.047  -83.127  12.706 0.0000000000
87132  -31.436  -82.635  13.069 0.0000000000
15273  -34.457  -80.641  24.904 0.0000000000
117771  -34.757  -81.306  24.830 0.0000000000
1252  -34.977  -80.953  23.207 0.0000000000
117772  -34.992  -81.511  23.939 0.0000000000
117773  -35.203  -81.501  23.166 0.0000000000
135633  -35.292  -81.541  22.312 0.0000000000
135634  -35.323  -81.585  21.439 0.0000000000
135635  -35.312  -81.610  20.650 0.0000000000
135638  -35.270  -81.639  19.866 0.0000000000
68879  -35.022  -81.143  19.093 0.0000000000
31376  -34.832  -81.326  18.255 0.0000000000
135632  -34.532  -81.549  17.463 0.0000000000
157802  -33.176  -82.000  15.302 0.0000000000
52082  -33.571  -81.597  15.998 0.0000000000
1253  -34.096  -81.862  16.667 0.0000000000
38948  -32.302  -82.302  14.070 0.0000000000
157805  -32.025  -82.727  13.514 0.0000000000
157804  -32.110  -81.746  14.103 0.0000000000
87135  -30.123  -82.556  12.424 0.0000000000
87133  -30.793  -82.572  12.681 0.0000000000
38949  -31.161  -82.115  13.039 0.0000000000
157807  -31.533  -81.661  13.604 0.0000000000
87134  -30.500  -82.052  12.641 0.0000000000
101221  -34.140  -80.023  24.930 0.0000000000
45994  -34.447  -80.153  24.125 0.0000000000
45995  -34.678  -80.298  23.271 0.0000000000
45997  -34.889  -80.478  22.342 0.0000000000
45999  -35.079  -81.003  22.352 0.0000000000
15279  -35.107  -81.021  21.472 0.0000000000
45998  -34.916  -80.497  21.455 0.0000000000
101231  -35.140  -81.070  20.699 0.0000000000
68875  -34.850  -80.568  19.926 0.0000000000
68877  -34.788  -80.637  19.150 0.0000000000
68878  -34.709  -80.727  18.334 0.0000000000
135631  -34.436  -80.946  17.550 0.0000000000
21362  -33.062  -81.409  15.386 0.0000000000
52081  -33.576  -80.972  16.137 0.0000000000
52080  -34.074  -81.230  16.800 0.0000000000
112180  -32.512  -81.265  14.765 0.0000000000
9569  -31.929  -81.167  14.194 0.0000000000
157808  -30.919  -81.603  13.116 0.0000000000
87127  -31.325  -81.107  13.683 0.0000000000
157809  -30.279  -81.582  12.761 0.0000000000
45996  -34.593  -79.850  22.452 0.0000000000
15277  -34.768  -80.043  21.517 0.0000000000
101229  -34.750  -80.073  20.693 0.0000000000
15278  -34.673  -80.092  19.906 0.0000000000
101228  -34.469  -79.602  19.941 0.0000000000
135627  -34.390  -79.649  19.188 0.0000000000
135628  -34.257  -79.762  18.439 0.0000000000
135629  -34.082  -79.884  17.646 0.0000000000
135630  -34.307  -80.371  17.602 0.0000000000
112176  -33.841  -80.070  16.880 0.0000000000
21360  -33.991  -80.633  16.871 0.0000000000
21361  -32.890  -80.209  15.497 0.0000000000
112178  -33.467  -80.395  16.167 0.0000000000
87123  -32.417  -80.627  14.821 0.0000000000
87125  -31.802  -80.568  14.268 0.0000000000
87124  -32.267  -80.084  14.865 0.0000000000
38947  -30.713  -81.062  13.170 0.0000000000
87126  -31.161  -80.500  13.791 0.0000000000
38946  -31.625  -80.013  14.305 0.0000000000
157800  -30.501  -80.462  13.368 0.0000000000
27791  -30.301  -79.901  13.474 0.0000000000
101225  -34.289  -79.207  22.553 0.0000000000
101226  -34.459  -79.384  21.644 0.0000000000
68874  -34.123  -79.185  19.167 0.0000000000
68872  -33.860  -78.743  19.150 0.0000000000
31374  -34.011  -79.285  18.415 0.0000000000
135625  -33.605  -78.933  17.687 0.0000000000
135626  -33.860  -79.403  17.678 0.0000000000
87120  -33.429  -79.101  16.979 0.0000000000
6863  -33.636  -79.585  16.935 0.0000000000
87122  -33.110  -79.357  16.214 0.0000000000
112177  -33.346  -79.826  16.166 0.0000000000
157796  -32.736  -79.650  15.499 0.0000000000
157798  -31.442  -79.453  14.375 0.0000000000
157797  -32.085  -79.548  14.873 0.0000000000
61679  -30.776  -79.381  13.957 0.0000000000
68873  -33.747  -78.838  18.409 0.0000000000
135622  -33.081  -78.065  17.761 0.0000000000
135624  -33.350  -78.487  17.710 0.0000000000
31373  -33.162  -78.656  16.967 0.0000000000
87121  -32.885  -78.888  16.203 0.0000000000
157794  -32.314  -78.695  15.549 0.0000000000
96911  -31.688  -78.557  14.982 0.0000000000
157795  -31.897  -79.039  14.916 0.0000000000
61677  -30.563  -78.878  14.050 0.0000000000
5199  -31.244  -78.947  14.429 0.0000000000
565  -32.630  -77.747  17.068 0.0000000000
135623  -32.910  -78.219  17.000 0.0000000000
43599  -32.395  -77.970  16.309 0.0000000000
157793  -32.660  -78.433  16.243 0.0000000000
43598  -31.830  -77.769  15.710 0.0000000000
12879  -32.106  -78.222  15.584 0.0000000000
96909  -31.217  -77.620  15.223 0.0000000000
96910  -31.472  -78.080  15.063 0.0000000000
12878  -30.829  -77.973  14.683 0.0000000000
61675  -31.032  -78.460  14.523 0.0000000000
126282  -30.164  -77.944  14.419 0.0000000000
126299  -31.618  -86.247  12.559 0.0000000000
15281  -35.725  -83.083  21.073 0.0000000000
68887  -35.405  -82.876  18.741 0.0000000000
68886  -35.314  -82.313  18.858 0.0000000000
135640  -34.979  -81.920  18.144 0.0000000000
135641  -34.624  -82.174  17.329 0.0000000000
126290  -33.815  -82.805  15.810 0.0000000000
135642  -34.737  -82.756  17.216 0.0000000000
101230  -34.905  -80.537  20.666 0.0000000000
157801  -30.049  -81.062  12.864 0.0000000000
126287  -29.837  -80.465  13.011 0.0000000000
126286  -29.630  -79.898  13.161 0.0000000000
61678  -30.081  -79.349  13.581 0.0000000000
27790  -29.912  -78.858  13.756 0.0000000000
27789  -29.462  -77.964  14.239 0.0000000000
126280  -28.757  -77.977  14.119 0.0000000000
61674  -29.894  -77.530  14.654 0.0000000000
21355  -28.949  -79.915  12.969 0.0000000000
126284  -29.250  -78.885  13.548 0.0000000000
126281  -29.014  -78.434  13.816 0.0000000000
126279  -28.566  -77.478  14.405 0.0000000000
61673  -29.229  -77.488  14.532 0.0000000000
112168  -28.012  -79.489  13.064 0.0000000000
87105  -28.322  -78.473  13.695 0.0000000000
27788  -28.101  -77.979  13.993 0.0000000000
126278  -27.906  -77.508  14.289 0.0000000000
87106  -27.637  -78.526  13.630 0.0000000000
157775  -27.406  -78.032  13.978 0.0000000000
52074  -27.248  -77.542  14.276 0.0000000000
2335  -27.774  -77.021  14.575 0.0000000000
52073  -26.683  -77.616  14.395 0.0000000000
112194  -32.663  -88.609  12.419 0.0000000000
157833  -30.999  -88.384  12.695 0.0000000000
21371  -31.903  -88.909  12.453 0.0000000000
5203  -32.434  -88.171  12.661 0.0000000000
38957  -31.267  -87.980  12.652 0.0000000000
126301  -32.425  -86.861  12.764 0.0000000000
38963  -37.391  -82.685  25.508 0.0000000000
157850  -37.766  -82.627  25.121 0.0000000000
87170  -37.800  -83.376  23.698 0.0000000000
87171  -37.389  -83.726  23.335 0.0000000000
1254  -36.535  -84.356  21.727 0.0000000000
46002  -36.272  -84.225  21.270 0.0000000000
157829  -31.263  -86.842  12.532 0.0000000000
52089  -31.008  -86.220  12.439 0.0000000000
126300  -32.183  -86.201  12.746 0.0000000000
142299  -36.973  -81.719  27.435 0.0000000000
87169  -37.810  -82.999  24.439 0.0000000000
87168  -38.177  -82.901  24.043 0.0000000000
15282  -36.042  -83.985  20.761 0.0000000000
101238  -36.010  -84.116  19.934 0.0000000000
6865  -35.665  -83.284  19.422 0.0000000000
135646  -35.336  -84.201  17.639 0.0000000000
126297  -32.429  -84.926  12.994 0.0000000000
61686  -33.104  -84.992  13.313 0.0000000000
61685  -33.671  -85.169  13.705 0.0000000000
61684  -33.868  -84.709  14.340 0.0000000000
21365  -30.816  -84.330  12.491 0.0000000000
93255  -34.932  -81.290  29.755 0.0000000000
93254  -35.529  -81.252  29.452 0.0000000000
10849  -34.654  -81.525  29.417 0.0000000000
55586  -34.390  -81.652  29.022 0.0000000000
142296  -36.338  -81.546  28.443 0.0000000000
31380  -35.234  -83.714  17.821 0.0000000000
61680  -34.504  -83.633  16.372 0.0000000000
61682  -34.269  -83.957  15.669 0.0000000000
5200  -34.694  -84.203  16.282 0.0000000000
126294  -33.621  -84.081  14.400 0.0000000000
126293  -34.077  -84.269  15.039 0.0000000000
112185  -30.584  -83.690  12.459 0.0000000000
142295  -36.082  -81.165  29.028 0.0000000000
55591  -33.625  -81.118  28.157 0.0000000000
74271  -36.623  -80.954  28.575 0.0000000000
117765  -33.497  -80.794  27.657 0.0000000000
24140  -33.950  -81.279  27.548 0.0000000000
9570  -30.388  -83.071  12.408 0.0000000000
3171  -33.735  -80.417  26.393 0.0000000000
38950  -29.857  -82.095  12.451 0.0000000000
101220  -33.764  -79.892  25.680 0.0000000000
15274  -33.839  -79.392  24.885 0.0000000000
101222  -34.151  -79.546  24.181 0.0000000000
15275  -34.377  -79.685  23.354 0.0000000000
2336  -29.393  -81.026  12.656 0.0000000000
52075  -29.164  -80.458  12.766 0.0000000000
15276  -34.146  -78.738  21.750 0.0000000000
6862  -34.214  -79.068  19.948 0.0000000000
112169  -28.252  -79.957  12.895 0.0000000000
68870  -33.877  -78.539  20.048 0.0000000000
31372  -33.485  -78.404  18.446 0.0000000000
157778  -27.269  -79.580  13.060 0.0000000000
135621  -33.144  -77.858  18.583 0.0000000000
157776  -26.925  -78.605  13.668 0.0000000000
43593  -32.747  -77.516  17.919 0.0000000000
43595  -32.276  -77.234  17.221 0.0000000000
43596  -31.744  -76.997  16.608 0.0000000000
12877  -31.556  -77.299  15.848 0.0000000000
96907  -30.946  -77.175  15.427 0.0000000000
112164  -26.138  -77.724  14.573 0.0000000000
21354  -26.772  -78.100  14.043 0.0000000000
27787  -29.062  -76.917  14.853 0.0000000000
61672  -29.659  -77.067  14.917 0.0000000000
21352  -26.620  -77.126  14.784 0.0000000000
52070  -27.688  -76.369  14.999 0.0000000000
52068  -28.260  -76.336  15.022 0.0000000000
52072  -27.187  -77.051  14.620 0.0000000000
126277  -28.391  -77.006  14.661 0.0000000000
52092  -32.746  -89.425  11.404 0.0000000000
52091  -32.617  -89.260  11.879 0.0000000000
112197  -32.175  -89.258  12.160 0.0000000000
21370  -32.847  -88.986  12.058 0.0000000000
38958  -30.722  -88.784  12.776 0.0000000000
87154  -31.320  -88.842  12.620 0.0000000000
126305  -32.915  -88.229  12.566 0.0000000000
157831  -30.616  -87.911  12.722 0.0000000000
112193  -30.291  -87.319  12.669 0.0000000000
27798  -33.100  -87.013  12.897 0.0000000000
87172  -37.665  -83.763  22.994 0.0000000000
38965  -37.266  -84.190  22.560 0.0000000000
157864  -36.873  -84.554  21.454 0.0000000000
46004  -36.559  -84.546  20.981 0.0000000000
15284  -36.556  -84.718  20.214 0.0000000000
68893  -35.852  -85.161  17.162 0.0000000000
21369  -30.632  -86.785  12.520 0.0000000000
52088  -30.341  -86.170  12.440 0.0000000000
61688  -32.818  -86.259  12.961 0.0000000000
61687  -33.275  -85.684  13.270 0.0000000000
5202  -33.793  -85.950  13.572 0.0000000000
142300  -37.371  -81.501  27.058 0.0000000000
87165  -37.609  -81.841  26.438 0.0000000000
7778  -38.009  -81.585  26.072 0.0000000000
112204  -38.117  -82.006  25.458 0.0000000000
9575  -38.103  -83.267  23.311 0.0000000000
101239  -36.241  -84.543  19.655 0.0000000000
15283  -35.910  -84.278  19.040 0.0000000000
68892  -35.987  -84.965  17.919 0.0000000000
135648  -35.405  -84.967  16.686 0.0000000000
96914  -34.823  -85.191  15.427 0.0000000000
12880  -35.290  -85.331  15.971 0.0000000000
21367  -30.055  -85.534  12.369 0.0000000000
12881  -34.339  -84.970  14.883 0.0000000000
112187  -30.167  -84.278  12.337 0.0000000000
96916  -34.297  -86.134  13.967 0.0000000000
117757  -34.356  -81.289  30.008 0.0000000000
55587  -34.059  -81.367  29.622 0.0000000000
55588  -33.865  -81.398  29.168 0.0000000000
74273  -37.187  -81.119  27.656 0.0000000000
112186  -29.943  -83.658  12.311 0.0000000000
55585  -34.668  -80.971  30.394 0.0000000000
142294  -35.747  -80.810  29.630 0.0000000000
33726  -36.331  -80.579  29.154 0.0000000000
74270  -36.793  -80.247  28.683 0.0000000000
55590  -33.737  -81.320  28.654 0.0000000000
74272  -37.051  -80.774  28.158 0.0000000000
87137  -29.705  -83.066  12.262 0.0000000000
117764  -33.178  -80.637  28.235 0.0000000000
68858  -33.358  -80.325  27.075 0.0000000000
157811  -29.215  -82.146  12.311 0.0000000000
68859  -33.028  -79.707  27.066 0.0000000000
68860  -33.373  -79.805  26.394 0.0000000000
52079  -28.969  -81.586  12.401 0.0000000000
52077  -28.716  -81.039  12.524 0.0000000000
135608  -33.433  -79.286  25.695 0.0000000000
112170  -27.754  -80.520  12.729 0.0000000000
135609  -33.132  -78.652  25.766 0.0000000000
68862  -33.497  -78.767  24.980 0.0000000000
68861  -33.826  -78.909  24.180 0.0000000000
101223  -34.068  -79.050  23.418 0.0000000000
21356  -27.515  -80.031  12.908 0.0000000000
101224  -34.016  -78.560  22.644 0.0000000000
135617  -33.811  -78.101  21.912 0.0000000000
68869  -33.881  -78.310  20.975 0.0000000000
157779  -26.582  -79.675  13.124 0.0000000000
135619  -33.167  -77.355  20.344 0.0000000000
135620  -33.170  -77.622  19.458 0.0000000000
112166  -26.290  -78.659  13.791 0.0000000000
12873  -32.792  -77.294  18.785 0.0000000000
112162  -26.057  -77.220  15.005 0.0000000000
21353  -25.660  -78.343  14.362 0.0000000000
112165  -26.204  -78.196  14.174 0.0000000000
96902  -31.990  -76.419  18.313 0.0000000000
12875  -31.903  -76.709  17.426 0.0000000000
96906  -31.169  -76.802  16.107 0.0000000000
61668  -30.598  -76.665  15.736 0.0000000000
61670  -30.016  -76.513  15.492 0.0000000000
87093  -26.086  -76.638  15.585 0.0000000000
112161  -26.568  -76.516  15.339 0.0000000000
52071  -27.110  -76.430  15.134 0.0000000000
126276  -28.870  -76.346  15.132 0.0000000000
61671  -29.457  -76.404  15.293 0.0000000000
21350  -27.625  -75.718  15.554 0.0000000000
52069  -28.173  -75.680  15.483 0.0000000000
52093  -32.476  -89.658  11.215 0.0000000000
112198  -31.915  -89.548  12.063 0.0000000000
21372  -32.358  -89.521  11.705 0.0000000000
52090  -33.028  -89.209  11.621 0.0000000000
87155  -31.048  -89.180  12.646 0.0000000000
87153  -31.657  -89.226  12.427 0.0000000000
126307  -33.325  -88.972  11.839 0.0000000000
126306  -33.111  -88.641  12.241 0.0000000000
87156  -30.435  -89.151  12.824 0.0000000000
157835  -30.106  -88.713  12.908 0.0000000000
27799  -33.398  -88.241  12.508 0.0000000000
157834  -30.357  -88.332  12.827 0.0000000000
9572  -29.978  -87.852  12.836 0.0000000000
126303  -33.666  -87.133  13.055 0.0000000000
12883  -34.170  -87.241  13.226 0.0000000000
157862  -37.635  -84.152  22.217 0.0000000000
87179  -37.690  -84.468  21.458 0.0000000000
38968  -37.248  -84.659  21.171 0.0000000000
87181  -37.340  -84.853  20.343 0.0000000000
157867  -36.930  -85.158  18.954 0.0000000000
38970  -37.125  -85.646  17.652 0.0000000000
87145  -29.683  -87.295  12.740 0.0000000000
135649  -35.693  -85.475  16.417 0.0000000000
157871  -36.633  -85.681  17.230 0.0000000000
112192  -30.004  -86.737  12.580 0.0000000000
135650  -35.983  -85.935  16.059 0.0000000000
112191  -29.735  -86.111  12.463 0.0000000000
12882  -34.813  -86.247  14.435 0.0000000000
43602  -35.324  -86.305  14.926 0.0000000000
61689  -33.452  -86.436  13.174 0.0000000000
112206  -38.552  -82.201  24.378 0.0000000000
112207  -38.501  -82.670  23.596 0.0000000000
157857  -38.848  -82.449  23.197 0.0000000000
157861  -38.011  -83.670  22.624 0.0000000000
112189  -29.472  -85.471  12.393 0.0000000000
112188  -29.784  -84.889  12.327 0.0000000000
96915  -34.614  -85.681  14.736 0.0000000000
117758  -33.791  -81.087  30.270 0.0000000000
142301  -37.811  -81.187  26.694 0.0000000000
142304  -38.207  -80.887  26.294 0.0000000000
112203  -38.388  -81.299  25.695 0.0000000000
112205  -38.496  -81.744  25.060 0.0000000000
52096  -38.820  -81.464  24.618 0.0000000000
87139  -28.920  -84.207  12.209 0.0000000000
157814  -29.307  -83.640  12.211 0.0000000000
117759  -33.296  -80.756  30.513 0.0000000000
24136  -34.104  -80.929  30.707 0.0000000000
24137  -33.535  -81.091  29.797 0.0000000000
74274  -37.365  -80.403  27.754 0.0000000000
33729  -37.554  -80.816  27.333 0.0000000000
157813  -28.343  -83.131  12.166 0.0000000000
55583  -34.967  -80.572  30.683 0.0000000000
142291  -35.478  -80.435  30.269 0.0000000000
142293  -35.939  -80.220  29.787 0.0000000000
74269  -36.442  -79.852  29.288 0.0000000000
117761  -32.947  -80.651  29.363 0.0000000000
7777  -37.158  -79.912  28.223 0.0000000000
157812  -28.780  -82.623  12.217 0.0000000000
117763  -32.792  -80.112  28.219 0.0000000000
24139  -33.072  -80.209  27.680 0.0000000000
21359  -28.522  -82.174  12.259 0.0000000000
21357  -28.005  -81.092  12.484 0.0000000000
135606  -32.800  -79.091  27.079 0.0000000000
31367  -33.077  -79.197  26.407 0.0000000000
87108  -27.044  -80.617  12.762 0.0000000000
87109  -26.811  -80.159  12.921 0.0000000000
135610  -32.890  -78.030  25.771 0.0000000000
31368  -33.226  -78.143  25.037 0.0000000000
68863  -33.525  -78.254  24.264 0.0000000000
6861  -33.741  -78.414  23.502 0.0000000000
157780  -25.990  -79.719  13.193 0.0000000000
68867  -33.606  -77.920  22.803 0.0000000000
31370  -33.427  -77.456  22.050 0.0000000000
135616  -33.147  -77.075  21.275 0.0000000000
157769  -25.122  -78.519  14.655 0.0000000000
87100  -25.682  -78.828  13.981 0.0000000000
5193  -32.836  -76.697  20.602 0.0000000000
96899  -32.838  -77.021  19.684 0.0000000000
9565  -25.586  -77.414  15.237 0.0000000000
12874  -32.121  -76.104  19.138 0.0000000000
12876  -30.874  -76.265  16.478 0.0000000000
87095  -25.640  -76.820  15.875 0.0000000000
61661  -31.753  -75.745  18.539 0.0000000000
96903  -31.546  -76.145  17.715 0.0000000000
96905  -31.368  -76.464  16.878 0.0000000000
61669  -30.362  -76.052  16.149 0.0000000000
87094  -26.148  -76.026  16.227 0.0000000000
21351  -26.594  -75.847  15.977 0.0000000000
126275  -29.295  -75.741  15.634 0.0000000000
27786  -29.831  -75.861  15.868 0.0000000000
112160  -27.096  -75.767  15.726 0.0000000000
112157  -28.111  -75.021  16.016 0.0000000000
112156  -28.654  -75.001  16.004 0.0000000000
21348  -28.733  -75.660  15.514 0.0000000000
21373  -31.745  -90.071  11.407 0.0000000000
112200  -32.064  -89.782  11.583 0.0000000000
21374  -32.539  -89.698  10.667 0.0000000000
52094  -32.851  -89.453  10.868 0.0000000000
2338  -33.172  -89.252  11.126 0.0000000000
87157  -30.756  -89.528  12.612 0.0000000000
9573  -31.345  -89.551  12.353 0.0000000000
112199  -31.589  -89.864  11.934 0.0000000000
126308  -33.506  -89.079  11.362 0.0000000000
61693  -33.612  -88.644  12.111 0.0000000000
38956  -29.472  -88.625  13.015 0.0000000000
61692  -33.923  -88.264  12.510 0.0000000000
5204  -34.489  -88.266  12.580 0.0000000000
87149  -29.753  -88.237  12.929 0.0000000000
87147  -29.448  -87.792  12.925 0.0000000000
43604  -35.548  -86.716  14.557 0.0000000000
157900  -36.072  -86.615  14.901 0.0000000000
96919  -34.673  -87.306  13.436 0.0000000000
12884  -35.220  -87.246  13.735 0.0000000000
61690  -34.315  -87.803  12.926 0.0000000000
96920  -34.865  -87.761  13.089 0.0000000000
87178  -38.077  -84.306  21.097 0.0000000000
9576  -38.124  -84.590  20.314 0.0000000000
112213  -38.187  -84.895  19.401 0.0000000000
21381  -38.133  -85.194  18.446 0.0000000000
87183  -37.972  -85.465  17.509 0.0000000000
87146  -29.084  -87.267  12.785 0.0000000000
87185  -37.446  -85.770  17.143 0.0000000000
21368  -29.368  -86.738  12.620 0.0000000000
157873  -36.278  -86.274  15.678 0.0000000000
87187  -37.224  -85.981  16.324 0.0000000000
38966  -38.817  -82.926  22.505 0.0000000000
157860  -38.388  -83.545  22.195 0.0000000000
87177  -38.430  -83.838  21.467 0.0000000000
9571  -28.838  -85.429  12.397 0.0000000000
142305  -38.541  -80.544  25.829 0.0000000000
21375  -38.720  -81.005  25.265 0.0000000000
52097  -39.160  -81.198  24.145 0.0000000000
157856  -39.205  -81.708  23.457 0.0000000000
87174  -39.234  -82.204  22.816 0.0000000000
87140  -28.543  -84.766  12.273 0.0000000000
38952  -28.237  -84.192  12.175 0.0000000000
117756  -33.554  -80.808  31.070 0.0000000000
142302  -37.732  -80.080  27.278 0.0000000000
142303  -37.967  -80.451  26.819 0.0000000000
33730  -38.319  -80.081  26.352 0.0000000000
157816  -27.947  -83.629  12.115 0.0000000000
9568  -27.631  -83.202  12.193 0.0000000000
117754  -34.242  -80.314  31.739 0.0000000000
24134  -34.749  -80.263  31.335 0.0000000000
55584  -34.438  -80.622  31.072 0.0000000000
142290  -35.222  -80.092  30.898 0.0000000000
117760  -33.080  -80.782  29.928 0.0000000000
15266  -32.724  -80.396  30.100 0.0000000000
104466  -36.853  -78.640  29.022 0.0000000000
74268  -36.845  -79.451  28.819 0.0000000000
17078  -37.682  -79.221  27.334 0.0000000000
112175  -28.059  -82.672  12.206 0.0000000000
74266  -35.498  -79.505  31.087 0.0000000000
33725  -35.657  -79.878  30.460 0.0000000000
142292  -36.115  -79.526  29.953 0.0000000000
104465  -36.631  -78.315  29.694 0.0000000000
45986  -32.639  -80.132  29.504 0.0000000000
104469  -37.382  -78.708  27.874 0.0000000000
112174  -27.804  -82.204  12.291 0.0000000000
112171  -27.259  -81.094  12.574 0.0000000000
45990  -32.422  -79.152  29.013 0.0000000000
45992  -32.581  -79.425  28.311 0.0000000000
135605  -32.765  -79.590  27.676 0.0000000000
87110  -26.346  -80.763  12.777 0.0000000000
15272  -32.567  -78.955  27.747 0.0000000000
135607  -32.831  -78.540  26.434 0.0000000000
157781  -25.483  -80.395  13.097 0.0000000000
6860  -32.606  -77.960  26.467 0.0000000000
87104  -25.337  -79.910  13.380 0.0000000000
68857  -32.670  -77.469  25.822 0.0000000000
135611  -32.961  -77.570  25.105 0.0000000000
135612  -32.937  -77.045  24.437 0.0000000000
31369  -33.143  -77.100  23.690 0.0000000000
68866  -33.309  -77.253  22.921 0.0000000000
87099  -25.092  -78.088  15.099 0.0000000000
38936  -24.585  -78.773  15.009 0.0000000000
87101  -25.140  -78.988  14.245 0.0000000000
61658  -32.896  -76.503  21.445 0.0000000000
87096  -25.198  -77.080  16.220 0.0000000000
87098  -24.564  -78.349  15.471 0.0000000000
61660  -32.602  -76.141  20.774 0.0000000000
96900  -32.486  -76.400  19.856 0.0000000000
157763  -25.353  -76.499  16.958 0.0000000000
38934  -25.756  -76.225  16.583 0.0000000000
61662  -31.970  -75.419  19.417 0.0000000000
96904  -31.105  -75.881  17.231 0.0000000000
157762  -25.907  -75.603  17.339 0.0000000000
5195  -31.361  -75.456  17.918 0.0000000000
61667  -30.961  -75.131  17.546 0.0000000000
27785  -30.536  -74.862  17.205 0.0000000000
157760  -26.665  -75.244  16.634 0.0000000000
112159  -27.128  -75.078  16.397 0.0000000000
112154  -29.179  -75.049  16.073 0.0000000000
126274  -29.691  -75.177  16.237 0.0000000000
112158  -27.616  -75.028  16.146 0.0000000000
87161  -31.399  -90.433  11.246 0.0000000000
87160  -31.814  -90.237  10.838 0.0000000000
87158  -30.495  -89.846  12.615 0.0000000000
87159  -31.056  -89.902  12.274 0.0000000000
112201  -32.147  -89.945  11.007 0.0000000000
112202  -32.186  -89.998  10.454 0.0000000000
157920  -32.562  -89.608  10.130 0.0000000000
157919  -32.904  -89.310  10.320 0.0000000000
157918  -33.250  -89.185  10.610 0.0000000000
38959  -30.191  -89.504  12.828 0.0000000000
27800  -33.821  -88.883  11.709 0.0000000000
157917  -33.689  -88.729  10.317 0.0000000000
157908  -33.984  -88.831  11.218 0.0000000000
157836  -29.852  -89.086  12.966 0.0000000000
157907  -34.305  -88.666  11.635 0.0000000000
157906  -34.666  -88.392  12.103 0.0000000000
87148  -29.129  -88.214  13.013 0.0000000000
157903  -35.063  -88.166  12.680 0.0000000000
38955  -28.796  -87.827  12.963 0.0000000000
157899  -36.546  -86.539  15.203 0.0000000000
157901  -35.728  -87.046  14.067 0.0000000000
38980  -36.273  -86.880  14.322 0.0000000000
87209  -36.799  -86.577  14.601 0.0000000000
157902  -35.391  -87.566  13.296 0.0000000000
21382  -38.587  -84.842  17.441 0.0000000000
112216  -38.149  -85.338  17.030 0.0000000000
157824  -28.462  -87.244  12.798 0.0000000000
157894  -37.892  -85.531  16.179 0.0000000000
157823  -28.782  -86.659  12.648 0.0000000000
157898  -37.005  -86.302  15.471 0.0000000000
157897  -37.482  -85.892  15.827 0.0000000000
157859  -38.753  -83.335  21.849 0.0000000000
21379  -38.803  -83.619  21.078 0.0000000000
112211  -38.898  -83.918  20.167 0.0000000000
21380  -38.881  -84.256  19.283 0.0000000000
52101  -38.788  -84.577  18.374 0.0000000000
52102  -38.999  -84.302  17.915 0.0000000000
87144  -28.477  -86.079  12.527 0.0000000000
38953  -27.416  -85.535  12.428 0.0000000000
52095  -39.048  -80.715  24.838 0.0000000000
27802  -39.587  -81.467  23.041 0.0000000000
87173  -39.648  -81.864  22.391 0.0000000000
87141  -27.815  -84.809  12.273 0.0000000000
38944  -26.801  -84.371  12.312 0.0000000000
3169  -33.088  -80.519  31.334 0.0000000000
142306  -38.871  -80.250  25.411 0.0000000000
142307  -39.222  -79.968  25.019 0.0000000000
1688  -39.433  -80.468  24.437 0.0000000000
126310  -39.513  -80.970  23.710 0.0000000000
87119  -27.230  -83.733  12.209 0.0000000000
87117  -26.929  -83.318  12.282 0.0000000000
68836  -33.395  -80.492  31.830 0.0000000000
24135  -33.760  -80.364  32.216 0.0000000000
101206  -32.857  -80.485  30.741 0.0000000000
74276  -38.046  -79.644  26.837 0.0000000000
74277  -38.313  -79.286  26.398 0.0000000000
74278  -38.593  -79.751  25.920 0.0000000000
87115  -27.364  -82.748  12.285 0.0000000000
117752  -34.628  -79.907  31.989 0.0000000000
142289  -35.063  -79.753  31.539 0.0000000000
74267  -35.922  -79.202  30.592 0.0000000000
45987  -32.471  -79.815  30.291 0.0000000000
47796  -36.957  -77.826  29.229 0.0000000000
47797  -37.242  -77.423  28.729 0.0000000000
17079  -37.750  -77.549  27.657 0.0000000000
104471  -37.936  -78.007  26.972 0.0000000000
21358  -27.112  -82.257  12.376 0.0000000000
9567  -26.571  -81.258  12.624 0.0000000000
33724  -35.409  -79.156  31.802 0.0000000000
74265  -35.831  -78.838  31.287 0.0000000000
7776  -36.211  -78.482  30.818 0.0000000000
45988  -32.428  -79.490  29.663 0.0000000000
87111  -25.643  -80.889  12.847 0.0000000000
15270  -32.290  -78.477  29.167 0.0000000000
45991  -32.420  -78.784  28.417 0.0000000000
101218  -32.565  -78.457  27.168 0.0000000000
38938  -24.854  -80.580  13.306 0.0000000000
68853  -32.395  -77.767  27.262 0.0000000000
157770  -24.632  -79.185  14.554 0.0000000000
87102  -25.193  -79.465  13.805 0.0000000000
68855  -32.430  -77.299  26.610 0.0000000000
68856  -32.470  -76.838  25.979 0.0000000000
31366  -32.693  -76.945  25.189 0.0000000000
135613  -32.822  -76.554  23.731 0.0000000000
126257  -32.713  -76.144  23.084 0.0000000000
135615  -33.130  -76.861  22.168 0.0000000000
27779  -32.880  -76.317  22.275 0.0000000000
157522  -24.434  -77.692  17.061 0.0000000000
157765  -24.280  -78.237  16.329 0.0000000000
61659  -32.651  -75.932  21.595 0.0000000000
86893  -25.150  -76.434  17.940 0.0000000000
27781  -32.392  -75.540  20.945 0.0000000000
9538  -26.058  -75.064  18.050 0.0000000000
86894  -25.510  -75.976  17.674 0.0000000000
126263  -32.129  -75.124  20.318 0.0000000000
61663  -31.633  -75.053  18.844 0.0000000000
61665  -31.282  -74.707  18.369 0.0000000000
157759  -26.413  -74.792  17.664 0.0000000000
87092  -27.167  -74.491  17.000 0.0000000000
61664  -31.541  -74.307  19.218 0.0000000000
61666  -30.915  -74.377  17.997 0.0000000000
126270  -30.498  -74.103  17.643 0.0000000000
126271  -30.112  -74.637  16.915 0.0000000000
9564  -27.630  -74.372  16.828 0.0000000000
87086  -28.127  -74.326  16.684 0.0000000000
21349  -28.631  -74.334  16.588 0.0000000000
112155  -29.140  -74.343  16.612 0.0000000000
5196  -29.670  -74.448  16.703 0.0000000000
566  -35.819  -86.273  15.335 0.0000000000
1250  -32.599  -79.827  28.893 0.0000000000
2337  -31.348  -85.602  12.542 0.0000000000
3168  -35.204  -80.918  30.047 0.0000000000
3170  -34.216  -81.694  28.524 0.0000000000
5197  -30.298  -77.114  15.114 0.0000000000
5198  -28.537  -78.943  13.417 0.0000000000
6864  -35.073  -81.104  19.917 0.0000000000
6866  -36.461  -85.119  18.433 0.0000000000
9566  -25.811  -79.268  13.586 0.0000000000
9577  -37.701  -85.675  16.676 0.0000000000
10851  -34.808  -82.117  27.237 0.0000000000
17076  -36.513  -79.094  29.497 0.0000000000
17077  -37.183  -78.228  28.479 0.0000000000
21366  -29.561  -84.250  12.287 0.0000000000
21376  -38.170  -82.431  24.765 0.0000000000
21377  -38.846  -81.958  23.886 0.0000000000
24138  -33.275  -80.909  28.747 0.0000000000
24141  -34.513  -81.583  26.239 0.0000000000
24142  -35.108  -81.915  24.716 0.0000000000
24143  -35.456  -82.001  23.119 0.0000000000
27783  -31.244  -73.953  18.817 0.0000000000
27792  -34.322  -83.048  16.454 0.0000000000
27796  -32.603  -85.543  12.980 0.0000000000
31371  -33.519  -77.958  20.170 0.0000000000
31375  -34.491  -80.244  18.403 0.0000000000
31379  -35.064  -82.509  18.029 0.0000000000
31381  -35.514  -84.710  17.421 0.0000000000
31382  -36.159  -85.591  16.821 0.0000000000
33727  -36.831  -81.359  28.033 0.0000000000
33728  -37.140  -82.051  26.843 0.0000000000
38854  -24.967  -76.838  17.347 0.0000000000
38933  -26.770  -74.633  17.303 0.0000000000
38935  -24.642  -77.942  15.927 0.0000000000
38937  -24.680  -79.630  14.115 0.0000000000
38939  -27.111  -79.096  13.358 0.0000000000
38940  -26.133  -80.269  12.974 0.0000000000
38945  -32.516  -79.179  15.518 0.0000000000
38951  -29.036  -83.090  12.198 0.0000000000
38967  -37.998  -84.051  21.879 0.0000000000
38969  -37.373  -85.080  19.466 0.0000000000
38971  -36.746  -86.192  15.998 0.0000000000
38981  -35.545  -87.780  12.766 0.0000000000
41571  -35.464  -82.304  27.479 0.0000000000
41572  -36.021  -82.449  27.188 0.0000000000
43594  -32.361  -76.978  18.097 0.0000000000
43597  -32.111  -77.481  16.394 0.0000000000
43600  -35.571  -85.857  15.681 0.0000000000
43601  -35.140  -85.742  15.242 0.0000000000
43603  -35.003  -86.800  14.136 0.0000000000
45993  -34.737  -80.796  24.063 0.0000000000
46000  -36.205  -84.101  22.023 0.0000000000
46003  -36.281  -84.388  20.515 0.0000000000
47798  -37.425  -77.908  28.075 0.0000000000
52076  -28.468  -80.481  12.696 0.0000000000
52078  -28.260  -81.639  12.347 0.0000000000
52086  -30.400  -84.927  12.363 0.0000000000
52087  -30.702  -85.571  12.420 0.0000000000
55589  -33.377  -81.085  29.295 0.0000000000
55592  -34.098  -81.559  28.055 0.0000000000
55594  -34.661  -81.918  26.770 0.0000000000
61676  -30.362  -78.381  14.186 0.0000000000
61683  -34.126  -85.427  14.182 0.0000000000
61691  -33.811  -87.712  12.831 0.0000000000
61694  -34.133  -88.583  12.118 0.0000000000
68864  -33.223  -77.609  24.350 0.0000000000
68865  -33.438  -77.722  23.598 0.0000000000
68868  -34.204  -78.933  20.840 0.0000000000
68871  -33.513  -78.194  19.284 0.0000000000
68876  -34.585  -80.150  19.195 0.0000000000
68882  -35.578  -82.547  22.017 0.0000000000
68884  -35.604  -82.612  20.422 0.0000000000
68889  -35.488  -83.456  18.609 0.0000000000
68890  -36.144  -84.740  18.751 0.0000000000
68891  -35.733  -84.487  18.204 0.0000000000
68894  -36.324  -85.354  17.616 0.0000000000
74275  -37.992  -78.814  26.868 0.0000000000
87097  -25.078  -77.658  15.563 0.0000000000
87107  -27.829  -79.004  13.328 0.0000000000
87116  -26.652  -82.848  12.342 0.0000000000
87129  -32.849  -82.392  14.672 0.0000000000
87136  -29.452  -82.576  12.287 0.0000000000
87138  -29.175  -84.817  12.312 0.0000000000
87142  -28.151  -85.465  12.403 0.0000000000
87151  -31.560  -87.460  12.611 0.0000000000
87152  -31.847  -88.083  12.653 0.0000000000
87175  -39.169  -82.618  22.099 0.0000000000
87176  -38.508  -84.122  20.642 0.0000000000
87180  -37.712  -84.646  20.744 0.0000000000
87182  -37.788  -84.909  19.924 0.0000000000
87184  -37.639  -85.469  18.077 0.0000000000
87186  -36.963  -85.920  16.797 0.0000000000
87211  -35.897  -87.272  13.530 0.0000000000
93257  -34.909  -81.824  28.832 0.0000000000
93261  -35.265  -82.351  27.013 0.0000000000
93262  -35.573  -82.639  26.379 0.0000000000
93266  -36.678  -83.017  25.496 0.0000000000
96901  -32.409  -76.724  18.972 0.0000000000
96908  -30.587  -77.522  14.871 0.0000000000
96912  -34.984  -84.783  16.163 0.0000000000
96913  -34.542  -84.576  15.558 0.0000000000
96917  -33.976  -86.672  13.381 0.0000000000
96918  -34.491  -86.740  13.701 0.0000000000
101217  -32.380  -78.264  27.897 0.0000000000
101227  -34.579  -79.600  20.769 0.0000000000
101232  -35.830  -83.316  22.535 0.0000000000
101234  -35.830  -83.452  21.718 0.0000000000
101235  -35.867  -83.549  20.919 0.0000000000
101236  -35.846  -83.659  20.152 0.0000000000
101237  -35.759  -83.796  19.276 0.0000000000
101240  -36.569  -84.910  19.328 0.0000000000
104464  -36.276  -78.818  30.138 0.0000000000
104467  -37.186  -79.052  28.315 0.0000000000
104468  -37.459  -79.594  27.767 0.0000000000
104470  -37.653  -78.373  27.464 0.0000000000
112163  -25.612  -77.879  14.804 0.0000000000
112167  -28.757  -79.412  13.150 0.0000000000
112172  -26.828  -81.738  12.487 0.0000000000
112173  -27.542  -81.657  12.412 0.0000000000
112179  -33.016  -80.779  15.470 0.0000000000
112183  -31.898  -83.758  13.047 0.0000000000
112190  -29.125  -86.076  12.498 0.0000000000
112212  -38.554  -84.466  19.774 0.0000000000
112214  -38.510  -84.789  18.876 0.0000000000
112215  -38.406  -85.063  17.926 0.0000000000
117755  -33.860  -80.573  31.484 0.0000000000
117762  -32.863  -80.403  28.793 0.0000000000
117766  -33.812  -80.890  27.006 0.0000000000
117768  -34.244  -81.455  26.901 0.0000000000
117774  -35.293  -81.947  23.922 0.0000000000
117781  -36.233  -83.880  22.789 0.0000000000
117782  -36.509  -84.135  22.490 0.0000000000
126262  -32.274  -75.834  20.035 0.0000000000
126272  -30.691  -75.618  16.875 0.0000000000
126273  -30.209  -75.367  16.513 0.0000000000
126283  -29.732  -78.398  13.959 0.0000000000
126285  -29.448  -79.346  13.312 0.0000000000
126288  -34.205  -82.467  16.557 0.0000000000
126289  -33.683  -82.207  15.914 0.0000000000
126295  -33.119  -83.899  13.892 0.0000000000
126296  -32.827  -84.355  13.405 0.0000000000
126298  -31.972  -85.594  12.729 0.0000000000
126302  -32.718  -87.575  12.717 0.0000000000
126304  -33.291  -87.671  12.755 0.0000000000
126309  -39.773  -80.223  23.991 0.0000000000
126311  -39.843  -80.747  23.206 0.0000000000
135614  -33.019  -76.659  23.020 0.0000000000
135618  -33.508  -77.707  21.122 0.0000000000
135636  -35.568  -82.577  21.237 0.0000000000
135644  -34.941  -83.913  17.031 0.0000000000
135645  -35.597  -83.972  18.464 0.0000000000
135647  -35.116  -84.434  16.884 0.0000000000
142298  -36.696  -82.216  27.229 0.0000000000
157761  -26.259  -75.431  16.937 0.0000000000
157764  -24.793  -77.364  16.624 0.0000000000
157767  -24.095  -79.027  15.402 0.0000000000
157777  -26.449  -79.160  13.441 0.0000000000
157799  -30.974  -79.924  13.881 0.0000000000
157803  -32.663  -81.842  14.714 0.0000000000
157806  -31.745  -82.214  13.514 0.0000000000
157810  -29.626  -81.591  12.545 0.0000000000
157815  -28.643  -83.635  12.136 0.0000000000
157817  -27.529  -84.239  12.215 0.0000000000
157830  -30.938  -87.388  12.567 0.0000000000
157848  -36.982  -82.725  25.839 0.0000000000
157852  -37.075  -83.362  24.530 0.0000000000
157854  -36.932  -83.993  22.930 0.0000000000
157855  -36.851  -84.352  22.190 0.0000000000
157858  -38.467  -83.137  22.879 0.0000000000
157863  -37.251  -84.443  21.840 0.0000000000
157865  -36.884  -84.769  20.706 0.0000000000
157866  -36.953  -84.946  19.849 0.0000000000
157868  -37.779  -85.193  18.995 0.0000000000
157869  -37.294  -85.373  18.572 0.0000000000
157870  -36.775  -85.476  18.064 0.0000000000
157872  -36.458  -85.925  16.420 0.0000000000
157896  -37.693  -85.715  15.314 0.0000000000
157909  -33.621  -88.977  10.877 0.0000000000
