#!ascii label  , from subject fsaverage vox2ras=TkReg
1561
3928  43.889  -66.576  -13.298 0.0000000000
48261  44.002  -64.667  -12.037 0.0000000000
48262  43.922  -63.893  -11.533 0.0000000000
48260  43.540  -64.032  -11.652 0.0000000000
105298  43.701  -65.802  -12.711 0.0000000000
17540  43.591  -64.874  -12.165 0.0000000000
48263  44.277  -63.761  -11.443 0.0000000000
48264  43.894  -63.141  -11.172 0.0000000000
120943  43.194  -65.119  -12.301 0.0000000000
120941  42.895  -66.104  -12.871 0.0000000000
120942  43.369  -65.983  -12.855 0.0000000000
25501  43.050  -66.811  -13.358 0.0000000000
40401  34.977  -67.280  -14.298 0.0000000000
833  35.719  -67.769  -13.982 0.0000000000
162159  35.330  -67.532  -14.158 0.0000000000
98953  37.472  -67.613  -14.269 0.0000000000
130818  38.787  -68.056  -14.230 0.0000000000
65079  37.727  -68.395  -13.738 0.0000000000
44731  39.793  -68.254  -14.231 0.0000000000
44733  39.249  -68.193  -14.225 0.0000000000
120944  43.136  -64.242  -11.788 0.0000000000
1782  43.502  -63.269  -11.211 0.0000000000
25502  42.839  -65.302  -12.392 0.0000000000
57863  42.777  -64.395  -11.925 0.0000000000
120940  42.550  -66.199  -12.886 0.0000000000
57859  42.652  -66.884  -13.402 0.0000000000
162160  35.662  -66.774  -14.695 0.0000000000
57857  42.791  -67.527  -13.917 0.0000000000
44736  36.303  -67.175  -14.414 0.0000000000
44738  35.987  -67.076  -14.480 0.0000000000
130800  42.747  -68.118  -14.366 0.0000000000
98954  37.128  -67.467  -14.359 0.0000000000
44735  36.711  -67.374  -14.385 0.0000000000
29604  38.544  -67.271  -14.688 0.0000000000
44732  39.990  -67.526  -14.433 0.0000000000
120946  43.145  -62.641  -10.888 0.0000000000
120945  43.106  -63.347  -11.314 0.0000000000
57862  42.339  -64.496  -11.932 0.0000000000
25503  42.723  -63.491  -11.441 0.0000000000
11608  42.035  -65.472  -12.444 0.0000000000
57861  42.432  -65.376  -12.396 0.0000000000
3927  42.258  -66.895  -13.478 0.0000000000
94620  42.140  -66.225  -12.961 0.0000000000
14018  36.272  -66.423  -15.026 0.0000000000
162161  35.983  -66.087  -15.207 0.0000000000
40402  35.665  -65.797  -15.243 0.0000000000
44737  36.626  -66.598  -14.969 0.0000000000
98955  37.349  -66.888  -14.910 0.0000000000
14016  36.985  -66.755  -14.960 0.0000000000
130821  38.173  -67.096  -14.819 0.0000000000
14015  37.733  -67.005  -14.875 0.0000000000
14013  39.444  -67.519  -14.507 0.0000000000
130819  39.023  -67.390  -14.595 0.0000000000
120947  42.793  -62.708  -10.996 0.0000000000
57864  42.351  -63.622  -11.502 0.0000000000
57860  41.971  -64.636  -11.965 0.0000000000
98960  36.592  -65.826  -15.577 0.0000000000
162163  35.367  -65.488  -15.223 0.0000000000
98959  36.985  -65.991  -15.551 0.0000000000
98956  37.649  -66.331  -15.443 0.0000000000
98958  37.309  -66.129  -15.534 0.0000000000
130822  38.798  -66.660  -15.104 0.0000000000
65082  38.048  -66.421  -15.408 0.0000000000
130820  39.252  -66.743  -14.896 0.0000000000
57866  41.925  -62.853  -11.078 0.0000000000
57865  42.359  -62.777  -11.086 0.0000000000
3929  41.947  -63.765  -11.487 0.0000000000
94621  41.626  -65.484  -12.498 0.0000000000
94622  41.572  -64.675  -12.029 0.0000000000
162162  36.295  -65.455  -15.695 0.0000000000
162164  36.054  -65.054  -15.720 0.0000000000
90762  35.751  -64.632  -15.625 0.0000000000
90761  35.365  -64.273  -15.462 0.0000000000
98957  38.056  -65.761  -15.927 0.0000000000
14017  37.728  -65.561  -16.047 0.0000000000
65084  38.778  -65.934  -15.608 0.0000000000
6106  38.413  -65.868  -15.875 0.0000000000
29605  39.119  -66.016  -15.407 0.0000000000
130823  39.473  -66.054  -15.107 0.0000000000
94624  41.554  -62.945  -11.172 0.0000000000
94623  41.554  -63.824  -11.575 0.0000000000
42327  40.855  -64.601  -12.209 0.0000000000
42329  40.820  -63.775  -11.765 0.0000000000
6107  36.978  -65.162  -16.131 0.0000000000
162165  36.678  -64.738  -16.224 0.0000000000
40403  36.433  -64.294  -16.170 0.0000000000
90763  36.093  -63.824  -16.069 0.0000000000
114363  35.026  -63.815  -15.394 0.0000000000
65090  38.187  -64.962  -16.525 0.0000000000
65091  37.850  -64.680  -16.693 0.0000000000
65088  38.893  -65.283  -16.269 0.0000000000
130830  38.526  -65.181  -16.373 0.0000000000
65086  39.172  -65.313  -15.936 0.0000000000
65078  39.887  -65.333  -14.815 0.0000000000
130824  39.763  -65.325  -15.310 0.0000000000
65085  39.474  -65.337  -15.640 0.0000000000
94625  41.199  -62.964  -11.253 0.0000000000
351  40.514  -63.706  -11.930 0.0000000000
162192  36.072  -62.516  -16.246 0.0000000000
162166  37.106  -63.968  -16.714 0.0000000000
90764  36.764  -63.521  -16.599 0.0000000000
90765  36.432  -63.031  -16.502 0.0000000000
29608  38.667  -64.306  -16.964 0.0000000000
29609  37.882  -63.659  -17.088 0.0000000000
162167  37.539  -63.178  -17.155 0.0000000000
130831  39.030  -64.549  -16.821 0.0000000000
29607  39.380  -64.566  -16.593 0.0000000000
29606  39.860  -64.597  -15.882 0.0000000000
65087  39.599  -64.636  -16.223 0.0000000000
11610  41.237  -62.067  -10.893 0.0000000000
120951  41.709  -61.269  -10.444 0.0000000000
42330  40.837  -63.013  -11.347 0.0000000000
94626  40.882  -62.090  -11.008 0.0000000000
42333  40.285  -62.801  -11.782 0.0000000000
11611  40.592  -61.992  -11.159 0.0000000000
29600  40.113  -63.553  -12.375 0.0000000000
6104  39.741  -63.406  -13.044 0.0000000000
162191  35.684  -62.106  -15.971 0.0000000000
130815  39.826  -63.942  -13.956 0.0000000000
130814  39.821  -64.144  -13.483 0.0000000000
162194  37.482  -61.917  -17.381 0.0000000000
40412  36.396  -61.684  -16.581 0.0000000000
162190  35.292  -61.664  -15.754 0.0000000000
65092  38.280  -63.993  -17.154 0.0000000000
130835  38.339  -62.867  -17.471 0.0000000000
162168  37.945  -62.403  -17.523 0.0000000000
130834  38.712  -63.257  -17.555 0.0000000000
29603  39.945  -64.573  -14.872 0.0000000000
130829  39.803  -63.827  -16.850 0.0000000000
130832  39.514  -63.787  -17.154 0.0000000000
130833  39.159  -63.524  -17.388 0.0000000000
130826  40.008  -63.940  -15.500 0.0000000000
130827  40.084  -63.841  -16.042 0.0000000000
3934  40.151  -63.101  -17.063 0.0000000000
120949  42.121  -61.232  -10.348 0.0000000000
57868  41.357  -61.158  -10.487 0.0000000000
120952  41.939  -60.417  -10.094 0.0000000000
57867  41.006  -61.172  -10.673 0.0000000000
11613  40.129  -61.958  -11.715 0.0000000000
75715  39.939  -62.704  -12.269 0.0000000000
75716  39.785  -62.612  -12.621 0.0000000000
17559  39.772  -63.112  -14.037 0.0000000000
105333  39.734  -63.277  -13.508 0.0000000000
105334  39.719  -62.481  -13.068 0.0000000000
40413  37.859  -61.108  -17.686 0.0000000000
90787  37.107  -61.417  -17.170 0.0000000000
90785  36.008  -61.250  -16.268 0.0000000000
130816  39.882  -63.897  -14.445 0.0000000000
48279  39.855  -63.201  -14.543 0.0000000000
353  38.787  -62.060  -17.815 0.0000000000
162195  38.346  -61.552  -17.817 0.0000000000
130817  40.001  -63.836  -14.976 0.0000000000
832  40.077  -63.082  -15.113 0.0000000000
11614  39.590  -62.737  -17.683 0.0000000000
42334  39.214  -62.423  -17.901 0.0000000000
25512  40.238  -63.109  -16.170 0.0000000000
57879  40.214  -63.119  -16.609 0.0000000000
94632  39.925  -62.974  -17.404 0.0000000000
57881  40.370  -62.278  -16.794 0.0000000000
94633  40.353  -62.278  -17.222 0.0000000000
25506  41.543  -60.366  -10.223 0.0000000000
94629  40.413  -61.128  -11.072 0.0000000000
94627  40.673  -61.183  -10.850 0.0000000000
57869  41.214  -60.291  -10.322 0.0000000000
42332  40.348  -61.940  -11.408 0.0000000000
94630  40.187  -61.105  -11.327 0.0000000000
144061  39.934  -61.925  -11.943 0.0000000000
144062  39.874  -61.059  -11.996 0.0000000000
94631  40.025  -61.083  -11.684 0.0000000000
144063  39.714  -61.777  -12.633 0.0000000000
34338  39.827  -61.880  -12.297 0.0000000000
48280  39.773  -62.300  -14.146 0.0000000000
105335  39.705  -62.415  -13.545 0.0000000000
90788  37.463  -60.525  -17.442 0.0000000000
10059  37.059  -59.919  -17.144 0.0000000000
90784  36.323  -60.358  -16.553 0.0000000000
48281  39.872  -62.443  -14.643 0.0000000000
42338  39.186  -61.205  -18.091 0.0000000000
90789  38.230  -60.258  -17.907 0.0000000000
120966  40.159  -63.183  -15.648 0.0000000000
42335  39.986  -61.900  -17.889 0.0000000000
42336  39.597  -61.593  -18.094 0.0000000000
57880  40.359  -62.392  -16.299 0.0000000000
11616  40.325  -61.014  -18.031 0.0000000000
94634  40.232  -62.118  -17.566 0.0000000000
120953  41.847  -59.544  -9.875 0.0000000000
94628  40.598  -60.308  -10.751 0.0000000000
3931  40.877  -60.277  -10.456 0.0000000000
57870  41.486  -59.475  -10.042 0.0000000000
11612  40.304  -60.306  -11.015 0.0000000000
17560  39.724  -61.655  -13.137 0.0000000000
75718  39.699  -60.870  -12.751 0.0000000000
144064  39.772  -61.010  -12.359 0.0000000000
105336  39.735  -61.554  -13.639 0.0000000000
75717  39.741  -60.799  -13.241 0.0000000000
114377  36.652  -59.447  -16.826 0.0000000000
144069  39.900  -61.541  -14.779 0.0000000000
90790  37.805  -59.634  -17.681 0.0000000000
114378  37.406  -59.030  -17.360 0.0000000000
114379  36.978  -58.542  -17.083 0.0000000000
120967  40.116  -62.327  -15.231 0.0000000000
120969  40.247  -61.486  -15.907 0.0000000000
162197  39.168  -59.834  -18.245 0.0000000000
120970  40.263  -60.616  -16.012 0.0000000000
42337  39.967  -60.700  -18.243 0.0000000000
11618  39.552  -60.380  -18.271 0.0000000000
120971  40.453  -61.362  -16.962 0.0000000000
11615  40.529  -61.390  -17.339 0.0000000000
94635  40.503  -61.237  -17.697 0.0000000000
94639  40.335  -59.775  -18.370 0.0000000000
17548  43.024  -58.797  -9.454 0.0000000000
105313  42.640  -58.756  -9.516 0.0000000000
57873  40.857  -59.511  -10.327 0.0000000000
57874  40.139  -60.273  -11.319 0.0000000000
120960  40.606  -59.396  -10.655 0.0000000000
3933  39.972  -60.252  -11.622 0.0000000000
75719  39.732  -60.024  -12.845 0.0000000000
34339  39.799  -60.272  -12.412 0.0000000000
144070  39.806  -60.637  -14.278 0.0000000000
75722  40.147  -60.674  -15.458 0.0000000000
162199  38.154  -58.810  -17.805 0.0000000000
40414  38.619  -59.358  -18.073 0.0000000000
120972  40.469  -60.577  -16.526 0.0000000000
94640  39.887  -59.549  -18.417 0.0000000000
162198  39.476  -58.992  -18.382 0.0000000000
57882  40.737  -60.402  -17.413 0.0000000000
94636  40.755  -60.334  -17.787 0.0000000000
34323  43.925  -58.826  -9.393 0.0000000000
75681  43.487  -58.826  -9.470 0.0000000000
17547  42.220  -58.756  -9.604 0.0000000000
25507  41.545  -58.617  -9.941 0.0000000000
120954  41.877  -58.751  -9.805 0.0000000000
57872  41.221  -58.574  -10.079 0.0000000000
57875  40.365  -59.498  -11.029 0.0000000000
57878  40.020  -59.391  -11.626 0.0000000000
57877  40.323  -58.593  -11.329 0.0000000000
144071  39.838  -59.958  -13.841 0.0000000000
8004  39.768  -59.920  -13.350 0.0000000000
75720  39.869  -59.304  -12.500 0.0000000000
75724  39.961  -59.882  -15.024 0.0000000000
22584  37.737  -58.160  -17.550 0.0000000000
114380  37.338  -57.660  -17.276 0.0000000000
120973  40.383  -59.715  -16.103 0.0000000000
162200  39.000  -58.425  -18.190 0.0000000000
90792  38.475  -57.909  -17.964 0.0000000000
25515  40.566  -59.722  -16.591 0.0000000000
3938  40.205  -58.700  -18.546 0.0000000000
162201  39.792  -58.104  -18.520 0.0000000000
57884  40.800  -59.541  -17.025 0.0000000000
94637  40.965  -59.461  -17.838 0.0000000000
11617  40.903  -59.153  -18.197 0.0000000000
75680  43.626  -58.118  -9.460 0.0000000000
105314  43.195  -58.073  -9.473 0.0000000000
120955  42.020  -57.803  -9.798 0.0000000000
120961  40.665  -58.608  -10.579 0.0000000000
144067  40.027  -58.538  -12.065 0.0000000000
25511  40.117  -58.535  -11.663 0.0000000000
34341  39.894  -59.873  -14.353 0.0000000000
144073  39.863  -59.105  -13.907 0.0000000000
75721  39.821  -59.142  -12.932 0.0000000000
105339  40.018  -59.059  -15.059 0.0000000000
144072  39.997  -59.066  -14.473 0.0000000000
105338  40.209  -58.949  -15.611 0.0000000000
57885  40.670  -58.843  -16.602 0.0000000000
90793  38.792  -56.995  -18.134 0.0000000000
90791  38.024  -57.331  -17.686 0.0000000000
114381  37.691  -56.763  -17.459 0.0000000000
57886  40.919  -58.655  -17.068 0.0000000000
40415  39.339  -57.532  -18.284 0.0000000000
57888  41.107  -58.556  -17.441 0.0000000000
57890  41.132  -58.182  -18.291 0.0000000000
57891  40.912  -57.954  -18.524 0.0000000000
57893  40.523  -57.723  -18.691 0.0000000000
162202  40.100  -57.192  -18.664 0.0000000000
48268  42.768  -58.009  -9.518 0.0000000000
48267  42.393  -57.831  -9.628 0.0000000000
120957  41.684  -57.869  -9.915 0.0000000000
120959  41.062  -57.878  -10.279 0.0000000000
120964  40.481  -57.788  -11.297 0.0000000000
34340  39.979  -58.425  -12.503 0.0000000000
75726  39.978  -58.292  -14.016 0.0000000000
34342  39.941  -58.371  -13.499 0.0000000000
17562  40.261  -58.068  -15.649 0.0000000000
105340  40.123  -58.195  -15.108 0.0000000000
17563  40.117  -58.236  -14.572 0.0000000000
162206  37.299  -56.269  -17.152 0.0000000000
120975  40.511  -57.997  -16.154 0.0000000000
10060  38.339  -56.478  -17.877 0.0000000000
25518  41.184  -57.663  -17.455 0.0000000000
120982  41.272  -57.511  -17.883 0.0000000000
17549  43.429  -57.385  -9.631 0.0000000000
1783  42.656  -57.048  -9.747 0.0000000000
48269  43.006  -57.272  -9.645 0.0000000000
120956  42.281  -57.020  -9.890 0.0000000000
75699  41.592  -57.124  -10.059 0.0000000000
105324  41.049  -57.087  -10.566 0.0000000000
48274  40.635  -57.052  -11.261 0.0000000000
144076  40.120  -57.658  -12.510 0.0000000000
144068  40.192  -57.725  -12.072 0.0000000000
75728  40.067  -57.574  -13.027 0.0000000000
75729  40.165  -56.750  -13.032 0.0000000000
75725  40.099  -57.486  -14.088 0.0000000000
90795  39.114  -56.071  -18.304 0.0000000000
162207  37.998  -55.853  -17.634 0.0000000000
25516  40.775  -57.827  -16.624 0.0000000000
40416  39.803  -55.777  -18.668 0.0000000000
120983  41.370  -56.611  -17.875 0.0000000000
57892  41.076  -57.096  -18.591 0.0000000000
25520  40.780  -56.772  -18.800 0.0000000000
162203  40.363  -56.279  -18.815 0.0000000000
48271  43.405  -56.530  -9.897 0.0000000000
144042  42.563  -56.371  -10.040 0.0000000000
75700  42.235  -56.381  -10.090 0.0000000000
105326  41.275  -56.354  -10.577 0.0000000000
105327  41.562  -55.618  -10.658 0.0000000000
48275  41.029  -56.333  -10.894 0.0000000000
17556  41.289  -55.577  -10.913 0.0000000000
48278  40.671  -56.228  -11.646 0.0000000000
75730  40.411  -56.002  -12.491 0.0000000000
144078  40.560  -56.133  -12.051 0.0000000000
8005  40.162  -56.671  -13.506 0.0000000000
105341  40.167  -57.369  -14.583 0.0000000000
105342  40.216  -56.589  -14.074 0.0000000000
48282  40.376  -57.167  -15.636 0.0000000000
48284  40.380  -56.413  -15.141 0.0000000000
120978  40.878  -56.881  -16.637 0.0000000000
120976  40.624  -57.076  -16.153 0.0000000000
162210  38.654  -55.571  -18.101 0.0000000000
120979  41.021  -56.868  -17.019 0.0000000000
25517  40.954  -56.047  -16.583 0.0000000000
162211  39.391  -55.149  -18.515 0.0000000000
120980  41.266  -56.719  -17.474 0.0000000000
120984  41.395  -56.385  -18.306 0.0000000000
120986  40.981  -55.836  -18.878 0.0000000000
17569  41.439  -55.512  -18.276 0.0000000000
48289  41.351  -55.362  -18.656 0.0000000000
1787  41.112  -55.043  -18.924 0.0000000000
48272  43.704  -55.992  -10.136 0.0000000000
144043  42.881  -55.765  -10.148 0.0000000000
144046  42.884  -55.082  -10.393 0.0000000000
144045  42.178  -55.688  -10.308 0.0000000000
48277  41.001  -55.470  -11.236 0.0000000000
144079  40.681  -55.258  -12.051 0.0000000000
144081  40.417  -55.076  -12.994 0.0000000000
34344  40.493  -55.159  -12.502 0.0000000000
48285  40.313  -55.687  -14.549 0.0000000000
105344  40.278  -55.753  -14.040 0.0000000000
1786  40.518  -56.306  -15.622 0.0000000000
120977  40.698  -56.211  -16.127 0.0000000000
144096  40.757  -55.351  -16.091 0.0000000000
75744  41.040  -55.967  -16.979 0.0000000000
75745  40.941  -55.182  -16.510 0.0000000000
40418  38.935  -54.630  -18.358 0.0000000000
3937  41.267  -55.883  -17.449 0.0000000000
105351  41.435  -55.762  -17.842 0.0000000000
162204  40.569  -55.403  -18.905 0.0000000000
162212  40.044  -54.874  -18.906 0.0000000000
90801  39.162  -53.789  -18.614 0.0000000000
105353  41.414  -54.828  -17.822 0.0000000000
48290  41.467  -54.622  -18.251 0.0000000000
48291  41.387  -54.471  -18.675 0.0000000000
162213  40.742  -54.523  -19.015 0.0000000000
90803  39.838  -53.341  -19.007 0.0000000000
10061  39.339  -52.911  -18.892 0.0000000000
114385  38.213  -52.639  -18.315 0.0000000000
48293  41.185  -54.155  -18.978 0.0000000000
40419  40.244  -53.981  -19.101 0.0000000000
90805  39.958  -52.534  -19.268 0.0000000000
17573  41.243  -53.218  -19.057 0.0000000000
162214  40.909  -53.571  -19.210 0.0000000000
90804  40.425  -53.109  -19.295 0.0000000000
162215  40.998  -52.765  -19.356 0.0000000000
40420  40.592  -52.261  -19.483 0.0000000000
144044  43.238  -55.144  -10.382 0.0000000000
34333  43.220  -54.453  -10.602 0.0000000000
75702  42.138  -54.957  -10.548 0.0000000000
8002  42.485  -54.213  -10.692 0.0000000000
105328  41.834  -54.900  -10.742 0.0000000000
105331  41.212  -54.655  -11.239 0.0000000000
105332  40.936  -54.525  -11.578 0.0000000000
75733  40.554  -54.263  -12.962 0.0000000000
144082  40.618  -54.253  -12.510 0.0000000000
17566  40.356  -54.828  -14.486 0.0000000000
17565  40.399  -54.964  -13.481 0.0000000000
48287  40.480  -54.684  -15.076 0.0000000000
17568  40.609  -54.563  -15.522 0.0000000000
75746  41.080  -55.062  -16.959 0.0000000000
144099  41.064  -54.197  -16.923 0.0000000000
105352  41.248  -55.013  -17.391 0.0000000000
17570  41.228  -54.143  -17.331 0.0000000000
105354  41.379  -53.932  -17.838 0.0000000000
114386  38.815  -52.423  -18.779 0.0000000000
17571  41.441  -53.744  -18.337 0.0000000000
48292  41.407  -53.423  -18.742 0.0000000000
114387  39.486  -52.025  -19.187 0.0000000000
114388  38.946  -51.575  -19.046 0.0000000000
105357  41.441  -52.836  -18.400 0.0000000000
105358  41.429  -52.490  -18.753 0.0000000000
162217  40.071  -51.699  -19.465 0.0000000000
75754  41.445  -51.647  -18.762 0.0000000000
105359  41.319  -52.334  -19.169 0.0000000000
162216  41.059  -51.881  -19.456 0.0000000000
22589  39.567  -51.216  -19.401 0.0000000000
8009  41.347  -51.497  -19.188 0.0000000000
162219  41.096  -50.929  -19.513 0.0000000000
162218  40.609  -51.397  -19.626 0.0000000000
90807  40.191  -50.820  -19.659 0.0000000000
75696  44.795  -54.359  -11.117 0.0000000000
75698  44.471  -54.150  -11.027 0.0000000000
144048  44.010  -53.938  -10.865 0.0000000000
75704  42.909  -54.401  -10.657 0.0000000000
75708  42.797  -53.543  -10.879 0.0000000000
105329  42.094  -54.098  -10.825 0.0000000000
144054  42.393  -53.336  -10.952 0.0000000000
17557  41.727  -53.993  -11.025 0.0000000000
8003  41.078  -53.701  -11.634 0.0000000000
34345  40.774  -53.402  -12.512 0.0000000000
105346  40.488  -53.999  -13.943 0.0000000000
8006  40.616  -53.325  -13.447 0.0000000000
75734  40.682  -53.351  -12.976 0.0000000000
105348  40.486  -53.937  -14.454 0.0000000000
105347  40.556  -53.167  -13.936 0.0000000000
144097  40.783  -54.521  -16.042 0.0000000000
105350  40.624  -53.705  -15.435 0.0000000000
75739  40.617  -52.962  -14.960 0.0000000000
34350  40.929  -54.346  -16.475 0.0000000000
144098  40.780  -53.619  -15.931 0.0000000000
75748  41.077  -53.330  -16.908 0.0000000000
34351  40.945  -52.653  -16.394 0.0000000000
105355  41.360  -53.021  -17.908 0.0000000000
105356  41.383  -52.161  -17.893 0.0000000000
53309  38.446  -51.045  -18.941 0.0000000000
17572  41.466  -51.889  -18.422 0.0000000000
144108  41.408  -51.285  -17.904 0.0000000000
114389  39.048  -50.696  -19.295 0.0000000000
22590  38.499  -50.293  -19.174 0.0000000000
90806  39.645  -50.406  -19.543 0.0000000000
114390  39.159  -49.939  -19.538 0.0000000000
162296  38.579  -49.491  -19.430 0.0000000000
75758  41.344  -50.711  -19.208 0.0000000000
40421  40.712  -50.552  -19.735 0.0000000000
90808  40.368  -49.949  -19.866 0.0000000000
10062  39.716  -49.573  -19.685 0.0000000000
162297  39.218  -49.174  -19.723 0.0000000000
162220  41.119  -50.109  -19.570 0.0000000000
90809  40.818  -49.706  -19.825 0.0000000000
90810  40.408  -49.222  -19.998 0.0000000000
34331  44.787  -53.562  -11.343 0.0000000000
144049  44.362  -53.361  -11.182 0.0000000000
75705  43.584  -53.796  -10.827 0.0000000000
144050  44.634  -52.675  -11.479 0.0000000000
34334  43.915  -53.112  -11.057 0.0000000000
75707  43.511  -52.985  -11.049 0.0000000000
34335  43.060  -52.788  -11.027 0.0000000000
144055  42.681  -52.612  -11.098 0.0000000000
34336  42.205  -52.397  -11.277 0.0000000000
75712  41.827  -52.247  -11.471 0.0000000000
144084  41.067  -52.770  -12.062 0.0000000000
75738  40.770  -52.421  -13.448 0.0000000000
75736  40.811  -52.520  -12.987 0.0000000000
75740  40.697  -52.218  -14.370 0.0000000000
144090  40.691  -52.313  -13.914 0.0000000000
8007  40.668  -52.804  -15.383 0.0000000000
75743  40.753  -51.961  -15.337 0.0000000000
75749  41.103  -52.505  -16.889 0.0000000000
144102  40.867  -51.840  -15.858 0.0000000000
8008  41.223  -52.292  -17.417 0.0000000000
75751  41.118  -51.705  -16.918 0.0000000000
75753  41.226  -51.425  -17.450 0.0000000000
75755  41.492  -50.943  -18.453 0.0000000000
144109  41.423  -50.432  -17.975 0.0000000000
162295  37.963  -49.947  -19.103 0.0000000000
75757  41.409  -50.173  -18.864 0.0000000000
90872  38.090  -49.143  -19.369 0.0000000000
34355  41.311  -49.935  -19.257 0.0000000000
128295  44.882  -52.090  -11.775 0.0000000000
144051  44.240  -52.408  -11.341 0.0000000000
144052  43.799  -52.234  -11.271 0.0000000000
144053  43.325  -52.044  -11.250 0.0000000000
28653  44.474  -51.786  -11.660 0.0000000000
144056  42.938  -51.799  -11.272 0.0000000000
144057  42.474  -51.630  -11.407 0.0000000000
144058  42.072  -51.466  -11.601 0.0000000000
144059  41.747  -51.297  -11.883 0.0000000000
144086  41.490  -51.146  -12.193 0.0000000000
34346  41.083  -51.808  -12.501 0.0000000000
34347  40.899  -51.627  -13.432 0.0000000000
34348  40.839  -51.408  -14.368 0.0000000000
144091  40.838  -51.468  -13.910 0.0000000000
75742  40.858  -51.312  -14.887 0.0000000000
144093  40.974  -50.613  -14.360 0.0000000000
144103  40.973  -51.058  -15.855 0.0000000000
34352  41.066  -51.036  -16.363 0.0000000000
144104  41.066  -50.295  -15.873 0.0000000000
144106  41.197  -49.922  -17.082 0.0000000000
144111  41.448  -49.497  -18.557 0.0000000000
40447  38.655  -48.758  -19.651 0.0000000000
144113  41.284  -49.035  -19.346 0.0000000000
144112  41.369  -49.335  -19.002 0.0000000000
162300  39.843  -48.735  -19.905 0.0000000000
162299  39.241  -48.419  -19.900 0.0000000000
162222  41.098  -48.675  -19.671 0.0000000000
162301  40.385  -48.502  -20.094 0.0000000000
40448  39.842  -47.981  -20.072 0.0000000000
162302  40.804  -48.074  -19.949 0.0000000000
63114  44.048  -51.466  -11.551 0.0000000000
5679  43.605  -51.251  -11.513 0.0000000000
63116  44.315  -50.733  -11.865 0.0000000000
97773  43.183  -51.077  -11.503 0.0000000000
13359  42.722  -50.849  -11.575 0.0000000000
44079  42.342  -50.671  -11.797 0.0000000000
352  42.038  -50.493  -12.045 0.0000000000
144087  41.266  -51.039  -12.578 0.0000000000
144088  41.153  -51.002  -13.029 0.0000000000
7152  41.200  -49.999  -13.513 0.0000000000
144095  40.929  -50.372  -15.312 0.0000000000
144094  40.983  -50.432  -14.880 0.0000000000
1414  41.083  -49.567  -15.428 0.0000000000
24432  41.195  -49.465  -16.558 0.0000000000
144105  41.116  -50.158  -16.413 0.0000000000
3334  41.323  -49.207  -17.698 0.0000000000
11014  41.364  -48.814  -18.612 0.0000000000
144110  41.452  -49.716  -18.089 0.0000000000
41734  41.318  -48.487  -19.126 0.0000000000
114428  38.395  -47.712  -20.034 0.0000000000
10070  37.799  -47.995  -19.583 0.0000000000
90871  37.646  -48.640  -19.306 0.0000000000
90875  39.308  -47.647  -20.149 0.0000000000
162298  38.805  -48.056  -19.955 0.0000000000
162303  41.020  -47.829  -19.670 0.0000000000
90877  40.366  -47.681  -20.148 0.0000000000
28655  44.996  -50.379  -12.280 0.0000000000
128300  44.577  -50.043  -12.153 0.0000000000
97775  43.467  -50.301  -11.774 0.0000000000
44080  43.073  -50.026  -11.796 0.0000000000
63117  44.380  -49.021  -12.296 0.0000000000
97776  43.738  -49.527  -12.092 0.0000000000
13361  43.324  -49.295  -12.086 0.0000000000
44081  42.675  -49.843  -12.047 0.0000000000
137450  41.994  -49.529  -12.497 0.0000000000
137448  41.747  -50.298  -12.358 0.0000000000
97777  43.999  -48.762  -12.343 0.0000000000
70315  41.717  -49.347  -12.831 0.0000000000
70316  41.564  -49.197  -13.207 0.0000000000
102094  41.384  -49.144  -13.652 0.0000000000
102095  41.317  -48.994  -14.063 0.0000000000
46479  41.084  -49.617  -14.923 0.0000000000
118447  41.234  -48.787  -15.596 0.0000000000
56081  41.243  -48.585  -17.217 0.0000000000
118448  41.158  -48.645  -16.146 0.0000000000
93554  41.324  -48.160  -18.314 0.0000000000
93553  41.290  -48.370  -17.790 0.0000000000
114426  37.448  -46.906  -19.804 0.0000000000
41735  41.256  -48.035  -18.645 0.0000000000
114429  38.515  -47.040  -20.331 0.0000000000
114427  37.929  -47.354  -19.877 0.0000000000
156  41.175  -48.239  -19.364 0.0000000000
90874  39.402  -46.983  -20.374 0.0000000000
22612  38.904  -47.374  -20.202 0.0000000000
40449  40.708  -47.351  -19.902 0.0000000000
90878  40.210  -46.923  -20.148 0.0000000000
90876  39.820  -47.312  -20.153 0.0000000000
162980  43.571  -48.475  -12.359 0.0000000000
162979  42.954  -49.129  -12.266 0.0000000000
32047  42.553  -48.906  -12.429 0.0000000000
137451  42.230  -48.689  -12.675 0.0000000000
63119  45.066  -48.671  -12.683 0.0000000000
162981  44.294  -48.057  -12.575 0.0000000000
91443  43.236  -48.337  -12.529 0.0000000000
137452  42.502  -48.017  -12.899 0.0000000000
32048  41.986  -48.604  -13.007 0.0000000000
63121  45.365  -47.955  -12.940 0.0000000000
162984  44.950  -47.672  -12.831 0.0000000000
137453  41.758  -48.485  -13.356 0.0000000000
102096  41.444  -48.345  -14.175 0.0000000000
137459  41.320  -48.098  -15.227 0.0000000000
15761  41.365  -48.161  -14.728 0.0000000000
118449  41.234  -47.851  -16.261 0.0000000000
24433  41.331  -48.009  -15.750 0.0000000000
46481  41.197  -48.863  -15.013 0.0000000000
24434  41.284  -47.843  -16.816 0.0000000000
11015  41.294  -47.460  -17.856 0.0000000000
118451  41.290  -47.743  -17.332 0.0000000000
93555  41.246  -47.319  -18.311 0.0000000000
53330  37.553  -46.183  -20.111 0.0000000000
41736  41.190  -47.754  -19.081 0.0000000000
53332  38.633  -46.395  -20.509 0.0000000000
22611  38.073  -46.663  -20.157 0.0000000000
41738  41.026  -47.504  -19.331 0.0000000000
114430  39.004  -46.685  -20.410 0.0000000000
162304  40.881  -47.059  -19.629 0.0000000000
10071  39.811  -46.621  -20.236 0.0000000000
114431  39.486  -46.330  -20.508 0.0000000000
162982  44.199  -47.171  -12.967 0.0000000000
91444  43.518  -47.611  -12.801 0.0000000000
7153  43.128  -47.415  -12.924 0.0000000000
137455  42.778  -47.310  -13.159 0.0000000000
137454  42.263  -47.840  -13.209 0.0000000000
91448  45.868  -46.561  -13.578 0.0000000000
40676  45.211  -46.933  -13.147 0.0000000000
162983  44.601  -47.421  -12.854 0.0000000000
70318  41.993  -47.824  -13.548 0.0000000000
15760  41.573  -48.372  -13.797 0.0000000000
137460  41.547  -47.431  -14.951 0.0000000000
102097  41.679  -47.496  -14.399 0.0000000000
70323  41.525  -47.310  -15.417 0.0000000000
70322  41.419  -47.257  -15.871 0.0000000000
118452  41.377  -46.899  -16.896 0.0000000000
56082  41.305  -46.547  -17.924 0.0000000000
93556  41.250  -46.488  -18.306 0.0000000000
53331  38.162  -45.969  -20.419 0.0000000000
41737  41.064  -47.029  -19.022 0.0000000000
53333  38.741  -45.612  -20.693 0.0000000000
11018  40.929  -46.813  -19.268 0.0000000000
93560  40.824  -45.935  -19.265 0.0000000000
22613  39.163  -46.104  -20.629 0.0000000000
90880  40.154  -46.188  -20.188 0.0000000000
114432  39.834  -45.887  -20.304 0.0000000000
114433  39.571  -45.680  -20.589 0.0000000000
90879  40.541  -46.691  -19.809 0.0000000000
22803  44.496  -46.453  -13.272 0.0000000000
114770  43.447  -46.717  -13.215 0.0000000000
137456  43.101  -46.583  -13.411 0.0000000000
32049  42.532  -47.105  -13.404 0.0000000000
91445  45.136  -45.950  -13.588 0.0000000000
70321  42.584  -46.280  -14.038 0.0000000000
70319  42.265  -47.026  -13.748 0.0000000000
70317  41.799  -47.635  -13.952 0.0000000000
137461  41.943  -46.757  -14.647 0.0000000000
7154  42.043  -46.949  -14.167 0.0000000000
32051  41.757  -46.651  -15.085 0.0000000000
70324  41.726  -46.483  -15.641 0.0000000000
118453  41.580  -46.267  -16.582 0.0000000000
56084  41.446  -45.896  -17.468 0.0000000000
93557  41.212  -45.620  -18.332 0.0000000000
93558  41.108  -46.404  -18.637 0.0000000000
11017  41.025  -45.520  -18.624 0.0000000000
3338  40.735  -45.035  -19.264 0.0000000000
162305  40.744  -46.236  -19.588 0.0000000000
162306  40.623  -45.436  -19.573 0.0000000000
40450  40.393  -45.747  -19.745 0.0000000000
53334  39.268  -45.460  -20.770 0.0000000000
162307  40.194  -45.486  -20.284 0.0000000000
22614  39.881  -45.182  -20.367 0.0000000000
114434  39.652  -45.007  -20.728 0.0000000000
114772  44.105  -46.211  -13.377 0.0000000000
22802  43.782  -46.015  -13.523 0.0000000000
137457  43.448  -45.812  -13.742 0.0000000000
70320  42.827  -46.385  -13.707 0.0000000000
114773  44.775  -45.703  -13.603 0.0000000000
53523  44.428  -45.547  -13.761 0.0000000000
32050  43.187  -45.592  -14.058 0.0000000000
137463  42.197  -45.923  -14.872 0.0000000000
102099  41.892  -45.725  -15.751 0.0000000000
118454  41.720  -45.435  -16.667 0.0000000000
24436  41.713  -44.306  -17.294 0.0000000000
56085  41.632  -45.224  -17.190 0.0000000000
56087  41.606  -44.267  -17.689 0.0000000000
56088  41.392  -44.938  -17.982 0.0000000000
118462  41.129  -44.033  -18.319 0.0000000000
56090  40.965  -44.638  -18.609 0.0000000000
24439  40.949  -43.778  -18.628 0.0000000000
56091  40.788  -44.392  -18.855 0.0000000000
162309  40.511  -44.555  -19.522 0.0000000000
162308  40.292  -44.929  -19.732 0.0000000000
90882  40.198  -44.674  -20.211 0.0000000000
53522  44.158  -45.286  -13.956 0.0000000000
137458  43.825  -45.089  -14.162 0.0000000000
70328  43.280  -44.724  -14.736 0.0000000000
32052  42.653  -45.369  -14.626 0.0000000000
70325  42.790  -44.346  -15.427 0.0000000000
46482  42.256  -43.935  -16.571 0.0000000000
118456  42.056  -43.790  -16.917 0.0000000000
118455  41.912  -44.595  -16.785 0.0000000000
118458  41.840  -43.581  -17.377 0.0000000000
118460  41.461  -43.206  -18.084 0.0000000000
118464  40.993  -42.910  -18.688 0.0000000000
24440  40.638  -43.458  -19.213 0.0000000000
118465  40.835  -42.798  -18.860 0.0000000000
162310  40.423  -43.820  -19.471 0.0000000000
40451  40.251  -44.201  -19.734 0.0000000000
90884  40.232  -43.612  -19.760 0.0000000000
90881  39.901  -44.456  -20.402 0.0000000000
114435  39.631  -44.360  -20.734 0.0000000000
32053  43.880  -44.209  -14.847 0.0000000000
7155  43.370  -43.828  -15.448 0.0000000000
102102  43.132  -43.550  -15.808 0.0000000000
46484  42.661  -43.110  -16.458 0.0000000000
118457  42.119  -42.938  -17.124 0.0000000000
102104  43.514  -42.822  -16.097 0.0000000000
130801  42.345  -67.537  -13.894 0.0000000000
130802  41.836  -68.044  -14.354 0.0000000000
130804  41.867  -66.853  -13.449 0.0000000000
94619  41.730  -66.137  -12.992 0.0000000000
98951  39.615  -66.777  -14.700 0.0000000000
25504  42.806  -61.919  -10.563 0.0000000000
120948  42.411  -61.953  -10.641 0.0000000000
11607  41.253  -65.395  -12.572 0.0000000000
65074  40.086  -66.107  -14.388 0.0000000000
6105  39.798  -66.059  -14.759 0.0000000000
29599  40.617  -65.106  -12.756 0.0000000000
120950  41.594  -62.025  -10.773 0.0000000000
25505  42.021  -62.029  -10.730 0.0000000000
130807  40.556  -64.379  -12.331 0.0000000000
130810  40.125  -64.323  -12.749 0.0000000000
40411  34.927  -62.587  -15.488 0.0000000000
29601  40.193  -64.943  -13.158 0.0000000000
130811  39.951  -64.171  -13.048 0.0000000000
130813  40.028  -64.994  -13.498 0.0000000000
75714  39.921  -63.515  -12.653 0.0000000000
65077  39.942  -64.587  -14.350 0.0000000000
22582  35.658  -60.780  -16.022 0.0000000000
114376  36.017  -59.826  -16.312 0.0000000000
53302  35.643  -59.383  -16.071 0.0000000000
22583  36.336  -58.960  -16.547 0.0000000000
53304  36.648  -58.086  -16.755 0.0000000000
22585  36.962  -57.176  -16.937 0.0000000000
53310  37.873  -50.721  -18.824 0.0000000000
40446  37.558  -49.363  -19.023 0.0000000000
90867  37.376  -47.568  -19.561 0.0000000000
90869  37.234  -48.205  -19.185 0.0000000000
98946  40.892  -67.736  -14.317 0.0000000000
14011  40.435  -67.634  -14.346 0.0000000000
130803  41.960  -67.441  -13.914 0.0000000000
14010  41.323  -67.874  -14.342 0.0000000000
98950  40.086  -66.846  -14.458 0.0000000000
130805  41.360  -66.081  -13.029 0.0000000000
65070  41.017  -65.938  -13.103 0.0000000000
65073  40.487  -65.683  -13.345 0.0000000000
65072  40.404  -65.046  -12.961 0.0000000000
130812  40.290  -65.567  -13.564 0.0000000000
65075  40.161  -65.397  -13.996 0.0000000000
65076  39.995  -65.340  -14.319 0.0000000000
114375  35.287  -60.256  -15.832 0.0000000000
90870  37.103  -48.911  -18.815 0.0000000000
29598  41.481  -66.699  -13.447 0.0000000000
65067  41.181  -67.045  -13.978 0.0000000000
98949  40.456  -66.891  -14.226 0.0000000000
65069  41.125  -66.511  -13.488 0.0000000000
6103  40.832  -66.345  -13.586 0.0000000000
14012  40.316  -66.071  -14.042 0.0000000000
65071  40.717  -65.718  -13.188 0.0000000000
98948  40.557  -66.205  -13.719 0.0000000000
98947  40.812  -66.891  -13.990 0.0000000000
105301  44.504  -65.313  -12.395 0.0000000000
105300  44.091  -65.549  -12.581 0.0000000000
105299  44.234  -66.373  -13.191 0.0000000000
120939  43.473  -66.734  -13.383 0.0000000000
120938  43.559  -67.378  -13.847 0.0000000000
116003  37.119  -68.883  -13.318 0.0000000000
831  39.084  -68.814  -13.940 0.0000000000
116000  38.639  -68.657  -13.891 0.0000000000
14009  40.108  -69.200  -14.217 0.0000000000
44729  39.606  -69.032  -14.046 0.0000000000
105304  44.697  -64.309  -11.661 0.0000000000
17542  44.374  -64.512  -11.885 0.0000000000
90758  34.644  -67.045  -14.567 0.0000000000
57858  43.138  -67.508  -13.870 0.0000000000
65065  42.384  -68.868  -14.754 0.0000000000
25499  43.129  -68.138  -14.335 0.0000000000
2752  37.295  -68.246  -13.755 0.0000000000
14014  36.479  -67.986  -13.824 0.0000000000
65066  41.819  -68.807  -14.608 0.0000000000
98944  41.295  -68.744  -14.523 0.0000000000
98945  40.802  -68.580  -14.399 0.0000000000
105305  44.628  -63.722  -11.293 0.0000000000
17544  44.236  -63.133  -11.073 0.0000000000
90759  35.303  -66.492  -14.753 0.0000000000
48266  43.516  -62.519  -10.907 0.0000000000
114360  34.630  -65.999  -14.931 0.0000000000
48265  43.853  -62.386  -10.837 0.0000000000
22574  34.997  -65.152  -15.158 0.0000000000
144014  43.192  -61.852  -10.553 0.0000000000
162188  34.561  -63.499  -15.262 0.0000000000
90783  34.542  -62.078  -15.398 0.0000000000
75678  42.937  -61.117  -10.215 0.0000000000
10058  34.102  -61.847  -15.261 0.0000000000
3930  42.334  -60.411  -10.015 0.0000000000
114373  34.511  -60.856  -15.424 0.0000000000
22581  34.926  -59.835  -15.626 0.0000000000
144017  43.056  -59.583  -9.624 0.0000000000
144018  43.466  -59.572  -9.563 0.0000000000
105311  42.233  -59.593  -9.778 0.0000000000
144020  44.361  -58.894  -9.345 0.0000000000
53301  35.341  -58.849  -15.835 0.0000000000
53303  36.014  -58.438  -16.257 0.0000000000
53305  36.353  -57.538  -16.473 0.0000000000
75683  44.540  -58.234  -9.431 0.0000000000
75682  44.090  -58.157  -9.459 0.0000000000
7998  44.295  -57.568  -9.609 0.0000000000
162205  36.663  -56.648  -16.706 0.0000000000
105315  43.864  -57.481  -9.638 0.0000000000
90797  36.957  -55.704  -16.913 0.0000000000
40417  37.564  -55.367  -17.380 0.0000000000
105317  44.147  -56.876  -9.870 0.0000000000
48270  43.725  -56.731  -9.855 0.0000000000
162209  38.264  -54.971  -17.826 0.0000000000
90800  38.478  -54.078  -18.105 0.0000000000
105323  43.655  -55.263  -10.391 0.0000000000
22587  38.045  -53.557  -17.967 0.0000000000
75695  45.160  -54.534  -11.220 0.0000000000
75694  44.415  -54.878  -10.741 0.0000000000
8001  44.053  -54.672  -10.671 0.0000000000
53307  37.681  -52.278  -18.228 0.0000000000
22588  38.339  -51.809  -18.659 0.0000000000
53308  37.797  -51.507  -18.543 0.0000000000
162294  37.409  -50.217  -18.688 0.0000000000
144040  45.480  -53.201  -11.870 0.0000000000
144041  45.062  -52.949  -11.659 0.0000000000
162293  36.999  -49.621  -18.525 0.0000000000
1784  45.312  -52.339  -11.965 0.0000000000
128297  45.178  -51.374  -12.104 0.0000000000
90868  36.740  -47.753  -18.921 0.0000000000
128301  45.206  -49.640  -12.523 0.0000000000
28656  45.470  -48.986  -12.777 0.0000000000
63120  45.761  -48.309  -13.020 0.0000000000
28657  46.020  -47.578  -13.319 0.0000000000
162986  46.263  -46.835  -13.672 0.0000000000
40677  46.448  -46.156  -14.127 0.0000000000
22609  37.065  -45.832  -19.960 0.0000000000
10147  45.750  -45.625  -14.002 0.0000000000
53329  37.641  -45.519  -20.283 0.0000000000
128042  37.816  -44.869  -20.594 0.0000000000
53335  38.754  -44.968  -20.823 0.0000000000
22615  39.327  -44.778  -20.935 0.0000000000
114774  45.408  -45.343  -14.042 0.0000000000
53524  44.763  -44.870  -14.170 0.0000000000
1415  44.472  -44.644  -14.394 0.0000000000
90883  40.153  -44.092  -20.116 0.0000000000
162314  39.357  -44.020  -21.008 0.0000000000
137467  44.196  -44.440  -14.648 0.0000000000
70329  43.617  -44.082  -15.095 0.0000000000
24437  41.984  -42.838  -17.479 0.0000000000
3337  41.511  -42.451  -18.147 0.0000000000
15769  41.109  -42.002  -18.704 0.0000000000
118466  40.631  -42.668  -19.183 0.0000000000
46489  40.905  -41.948  -18.843 0.0000000000
162311  40.365  -43.110  -19.425 0.0000000000
90885  40.112  -43.415  -20.060 0.0000000000
102103  43.709  -43.100  -15.801 0.0000000000
46485  43.226  -42.620  -16.407 0.0000000000
46488  42.695  -42.269  -17.047 0.0000000000
70345  42.099  -42.132  -17.610 0.0000000000
75657  44.409  -67.187  -13.726 0.0000000000
75655  43.967  -67.306  -13.858 0.0000000000
116002  37.578  -68.999  -13.360 0.0000000000
44727  38.943  -69.526  -13.690 0.0000000000
116001  38.028  -69.217  -13.440 0.0000000000
6102  41.165  -69.481  -14.521 0.0000000000
98942  39.935  -69.913  -14.115 0.0000000000
75659  45.108  -66.789  -13.344 0.0000000000
143990  44.763  -66.947  -13.592 0.0000000000
120937  43.520  -68.127  -14.340 0.0000000000
162150  35.098  -68.308  -13.714 0.0000000000
130799  42.840  -68.828  -14.755 0.0000000000
120935  43.264  -68.819  -14.754 0.0000000000
98952  36.917  -68.090  -13.826 0.0000000000
116008  35.886  -68.549  -13.401 0.0000000000
98943  40.654  -69.361  -14.360 0.0000000000
105303  45.186  -64.921  -11.865 0.0000000000
105302  44.885  -65.071  -12.150 0.0000000000
75658  44.993  -65.950  -12.693 0.0000000000
75666  45.400  -64.303  -11.263 0.0000000000
75665  45.001  -63.697  -11.078 0.0000000000
17543  45.055  -64.271  -11.484 0.0000000000
10055  34.312  -66.765  -14.765 0.0000000000
105308  44.186  -62.369  -10.567 0.0000000000
114361  34.287  -65.699  -14.964 0.0000000000
53294  33.834  -65.397  -15.037 0.0000000000
22575  34.194  -64.407  -15.141 0.0000000000
17546  43.581  -61.756  -10.504 0.0000000000
90782  34.170  -63.084  -15.228 0.0000000000
144015  43.326  -61.045  -10.146 0.0000000000
90781  33.712  -62.829  -15.120 0.0000000000
34322  43.142  -60.276  -9.841 0.0000000000
90777  33.797  -61.380  -15.208 0.0000000000
114372  34.209  -60.337  -15.321 0.0000000000
75679  42.743  -60.329  -9.917 0.0000000000
53300  34.608  -59.337  -15.442 0.0000000000
75676  44.236  -59.638  -9.370 0.0000000000
144019  43.840  -59.568  -9.465 0.0000000000
34321  44.748  -58.963  -9.170 0.0000000000
53299  34.961  -58.432  -15.555 0.0000000000
144021  44.945  -58.319  -9.325 0.0000000000
128001  36.058  -56.983  -16.209 0.0000000000
75684  44.756  -57.659  -9.580 0.0000000000
28527  36.377  -56.032  -16.424 0.0000000000
105316  44.531  -56.965  -9.875 0.0000000000
90796  36.661  -55.157  -16.622 0.0000000000
105318  44.460  -56.267  -10.221 0.0000000000
90798  37.204  -54.758  -17.168 0.0000000000
114383  37.385  -53.871  -17.509 0.0000000000
105321  44.433  -55.538  -10.513 0.0000000000
105320  45.172  -55.190  -11.016 0.0000000000
17552  44.799  -55.035  -10.880 0.0000000000
105322  44.036  -55.455  -10.388 0.0000000000
114384  37.533  -53.091  -17.865 0.0000000000
22586  37.159  -52.519  -17.677 0.0000000000
53306  37.281  -51.700  -18.088 0.0000000000
2502  37.343  -50.937  -18.436 0.0000000000
75697  45.197  -53.709  -11.561 0.0000000000
128296  45.557  -51.759  -12.253 0.0000000000
40445  36.638  -48.560  -18.568 0.0000000000
162292  36.534  -49.169  -18.256 0.0000000000
28654  45.762  -51.130  -12.547 0.0000000000
128299  45.594  -50.038  -12.687 0.0000000000
128302  45.834  -49.271  -12.912 0.0000000000
128303  46.133  -48.602  -13.188 0.0000000000
128304  46.397  -47.891  -13.427 0.0000000000
22610  36.849  -47.050  -19.284 0.0000000000
162289  36.277  -47.278  -18.834 0.0000000000
128305  46.620  -47.162  -13.794 0.0000000000
114425  36.940  -46.464  -19.632 0.0000000000
162995  47.075  -45.782  -14.730 0.0000000000
162993  46.378  -45.216  -14.603 0.0000000000
128040  36.608  -45.250  -19.875 0.0000000000
28544  37.330  -44.396  -20.539 0.0000000000
162990  46.034  -44.985  -14.525 0.0000000000
162989  45.733  -44.669  -14.575 0.0000000000
128044  37.886  -44.298  -20.764 0.0000000000
162313  38.827  -44.377  -20.970 0.0000000000
162988  45.402  -44.425  -14.678 0.0000000000
10072  39.932  -43.698  -20.496 0.0000000000
40453  39.357  -43.311  -21.006 0.0000000000
128307  45.095  -44.219  -14.729 0.0000000000
128306  44.820  -44.031  -14.836 0.0000000000
137468  44.501  -43.754  -15.067 0.0000000000
162315  39.592  -43.651  -20.698 0.0000000000
70331  43.941  -43.261  -15.607 0.0000000000
70346  41.822  -41.904  -17.887 0.0000000000
102113  41.422  -41.430  -18.493 0.0000000000
1418  40.661  -41.799  -19.158 0.0000000000
46491  41.058  -41.184  -18.913 0.0000000000
162320  40.357  -42.030  -19.723 0.0000000000
162319  40.107  -42.601  -20.048 0.0000000000
162318  39.923  -43.098  -20.417 0.0000000000
15765  44.055  -42.270  -16.312 0.0000000000
102105  43.780  -42.050  -16.495 0.0000000000
15766  43.491  -41.904  -16.758 0.0000000000
15768  42.900  -41.608  -17.205 0.0000000000
137487  42.370  -42.132  -17.308 0.0000000000
137490  42.051  -40.993  -18.069 0.0000000000
23385  36.961  -69.507  -12.981 0.0000000000
44728  39.428  -69.780  -13.905 0.0000000000
115998  38.261  -70.100  -13.326 0.0000000000
23383  37.877  -69.842  -13.220 0.0000000000
65062  40.987  -70.219  -14.537 0.0000000000
65060  40.478  -70.103  -14.316 0.0000000000
75656  44.369  -67.953  -14.288 0.0000000000
25500  43.952  -68.085  -14.343 0.0000000000
120936  43.711  -68.752  -14.748 0.0000000000
830  43.269  -69.574  -15.108 0.0000000000
116006  36.719  -68.748  -13.333 0.0000000000
29596  42.264  -69.604  -14.908 0.0000000000
54332  37.432  -69.644  -13.087 0.0000000000
65064  41.677  -69.582  -14.730 0.0000000000
143991  45.184  -67.637  -13.933 0.0000000000
143989  45.060  -68.552  -14.464 0.0000000000
34313  44.865  -67.822  -14.204 0.0000000000
90757  34.362  -67.803  -14.162 0.0000000000
116009  35.466  -68.479  -13.528 0.0000000000
7995  45.381  -65.749  -12.404 0.0000000000
75660  45.498  -66.609  -13.028 0.0000000000
90754  33.622  -67.444  -14.733 0.0000000000
143999  45.515  -64.889  -11.612 0.0000000000
114359  33.954  -66.556  -14.862 0.0000000000
34317  45.642  -64.416  -10.869 0.0000000000
75667  45.174  -63.714  -10.769 0.0000000000
7996  44.795  -63.038  -10.580 0.0000000000
105306  44.546  -63.045  -10.838 0.0000000000
53295  33.477  -65.069  -15.062 0.0000000000
17545  44.230  -61.701  -10.107 0.0000000000
162187  33.820  -64.068  -15.129 0.0000000000
90780  33.071  -63.458  -15.024 0.0000000000
75672  43.996  -61.019  -9.898 0.0000000000
90779  33.336  -62.521  -15.076 0.0000000000
105310  43.679  -61.028  -10.064 0.0000000000
22580  33.285  -61.060  -15.044 0.0000000000
7997  43.862  -60.329  -9.665 0.0000000000
34320  44.530  -60.308  -9.230 0.0000000000
114369  33.487  -59.390  -15.089 0.0000000000
144011  44.945  -59.582  -8.918 0.0000000000
22579  34.144  -58.995  -15.229 0.0000000000
144012  45.121  -58.902  -8.963 0.0000000000
127999  34.613  -57.947  -15.336 0.0000000000
144013  45.382  -58.304  -9.127 0.0000000000
28526  34.998  -56.937  -15.475 0.0000000000
128002  35.699  -56.547  -15.831 0.0000000000
34324  45.194  -57.720  -9.482 0.0000000000
75686  45.011  -57.089  -9.852 0.0000000000
128003  36.072  -55.469  -16.090 0.0000000000
128004  36.284  -54.591  -16.367 0.0000000000
17550  44.858  -56.374  -10.262 0.0000000000
5609  36.848  -54.356  -16.830 0.0000000000
128007  36.477  -53.645  -16.712 0.0000000000
7999  45.501  -55.339  -11.081 0.0000000000
105319  44.803  -55.679  -10.650 0.0000000000
75693  45.854  -54.932  -11.511 0.0000000000
144036  45.516  -54.735  -11.395 0.0000000000
114382  36.999  -53.455  -17.232 0.0000000000
128008  36.627  -52.852  -17.067 0.0000000000
128009  36.734  -52.065  -17.443 0.0000000000
144037  45.854  -54.297  -11.847 0.0000000000
128010  36.815  -51.253  -17.818 0.0000000000
162285  36.871  -50.493  -18.116 0.0000000000
144039  45.860  -53.506  -12.069 0.0000000000
34330  45.529  -54.021  -11.661 0.0000000000
40443  36.432  -49.907  -17.930 0.0000000000
22794  46.071  -52.998  -12.351 0.0000000000
53515  46.282  -52.412  -12.640 0.0000000000
162961  46.145  -51.471  -12.754 0.0000000000
162291  35.986  -48.702  -18.099 0.0000000000
91427  46.021  -50.480  -12.847 0.0000000000
5680  46.240  -49.679  -13.134 0.0000000000
114761  46.498  -48.921  -13.412 0.0000000000
162290  36.156  -47.912  -18.442 0.0000000000
114763  47.144  -48.567  -13.886 0.0000000000
53518  47.392  -47.760  -14.217 0.0000000000
90866  35.744  -46.837  -18.770 0.0000000000
2530  47.222  -46.771  -14.406 0.0000000000
5617  35.900  -46.010  -19.188 0.0000000000
114424  36.326  -46.726  -19.152 0.0000000000
40680  47.686  -45.368  -15.335 0.0000000000
114423  36.468  -46.006  -19.510 0.0000000000
162994  46.699  -45.498  -14.660 0.0000000000
28543  36.188  -44.767  -19.746 0.0000000000
62931  36.313  -44.019  -20.195 0.0000000000
162992  46.706  -44.543  -15.185 0.0000000000
62933  36.858  -43.922  -20.434 0.0000000000
62934  37.478  -43.652  -20.828 0.0000000000
128045  38.032  -43.571  -21.082 0.0000000000
91451  46.026  -44.037  -15.202 0.0000000000
90886  38.581  -43.140  -21.216 0.0000000000
90887  38.906  -43.662  -21.052 0.0000000000
28659  45.745  -43.812  -15.253 0.0000000000
28658  45.171  -43.285  -15.464 0.0000000000
32054  44.600  -42.767  -15.775 0.0000000000
90892  40.177  -41.772  -20.081 0.0000000000
90891  39.888  -41.449  -20.333 0.0000000000
162317  39.584  -42.839  -20.550 0.0000000000
162316  39.399  -42.538  -20.947 0.0000000000
137471  44.288  -42.569  -16.010 0.0000000000
70333  44.598  -41.858  -16.418 0.0000000000
32061  42.322  -41.214  -17.809 0.0000000000
102114  41.601  -40.514  -18.604 0.0000000000
46492  41.236  -40.434  -19.029 0.0000000000
162321  40.534  -41.659  -19.497 0.0000000000
90894  40.577  -40.405  -19.889 0.0000000000
40455  40.388  -41.218  -19.763 0.0000000000
90893  40.307  -40.885  -20.120 0.0000000000
102108  43.770  -41.131  -17.054 0.0000000000
102109  43.459  -40.966  -17.338 0.0000000000
137489  42.882  -40.642  -17.747 0.0000000000
137491  42.546  -40.519  -17.936 0.0000000000
70347  42.123  -40.015  -18.514 0.0000000000
14008  39.756  -70.663  -14.076 0.0000000000
98941  39.207  -70.522  -13.807 0.0000000000
115997  38.120  -70.881  -13.296 0.0000000000
54331  37.294  -70.322  -12.909 0.0000000000
48257  43.200  -70.271  -15.324 0.0000000000
23387  35.251  -69.152  -13.138 0.0000000000
130789  42.674  -70.359  -15.202 0.0000000000
116005  36.545  -69.396  -13.003 0.0000000000
23386  36.107  -69.301  -12.963 0.0000000000
130797  42.147  -70.320  -15.026 0.0000000000
65063  41.551  -70.308  -14.787 0.0000000000
143988  44.659  -68.691  -14.699 0.0000000000
48259  43.780  -69.447  -15.141 0.0000000000
40398  34.519  -68.835  -13.628 0.0000000000
143992  45.495  -68.408  -14.163 0.0000000000
75652  45.240  -70.190  -14.840 0.0000000000
105297  44.758  -69.491  -14.986 0.0000000000
90756  34.035  -67.577  -14.522 0.0000000000
75661  45.889  -67.356  -13.236 0.0000000000
143993  45.939  -68.310  -13.830 0.0000000000
114358  33.249  -67.224  -14.821 0.0000000000
34316  45.942  -65.671  -11.717 0.0000000000
75664  45.700  -65.644  -12.095 0.0000000000
75663  46.186  -66.432  -12.285 0.0000000000
22573  33.484  -66.420  -14.914 0.0000000000
144001  46.000  -65.178  -10.909 0.0000000000
75668  45.374  -63.838  -10.442 0.0000000000
75669  45.026  -63.143  -10.310 0.0000000000
2500  32.748  -65.771  -14.999 0.0000000000
162186  33.089  -64.765  -15.032 0.0000000000
75671  44.752  -62.486  -10.112 0.0000000000
162185  32.728  -64.490  -14.964 0.0000000000
144008  44.540  -61.719  -9.879 0.0000000000
75673  44.308  -61.030  -9.677 0.0000000000
40409  32.658  -63.097  -14.970 0.0000000000
162182  32.286  -62.778  -14.893 0.0000000000
162181  32.636  -61.663  -14.943 0.0000000000
7139  45.098  -60.282  -8.725 0.0000000000
75674  44.205  -60.323  -9.468 0.0000000000
114370  33.010  -60.543  -15.025 0.0000000000
127997  32.989  -59.116  -14.925 0.0000000000
102053  45.219  -59.586  -8.649 0.0000000000
127998  33.812  -58.450  -15.120 0.0000000000
15737  45.410  -58.945  -8.691 0.0000000000
62902  34.177  -57.454  -15.163 0.0000000000
46457  45.736  -58.325  -8.889 0.0000000000
144022  45.658  -57.713  -9.357 0.0000000000
62904  35.379  -55.938  -15.651 0.0000000000
144023  45.976  -57.224  -9.713 0.0000000000
28528  35.712  -54.974  -15.884 0.0000000000
75685  45.492  -57.189  -9.792 0.0000000000
128006  35.883  -54.106  -16.151 0.0000000000
75689  45.886  -55.579  -11.137 0.0000000000
75687  45.172  -55.863  -10.656 0.0000000000
75691  46.225  -55.118  -11.656 0.0000000000
28529  36.055  -53.252  -16.440 0.0000000000
75692  46.531  -54.721  -12.084 0.0000000000
34329  46.176  -54.506  -11.924 0.0000000000
62909  36.182  -52.428  -16.762 0.0000000000
62910  35.699  -51.870  -16.625 0.0000000000
28530  36.274  -51.552  -17.197 0.0000000000
90862  35.803  -50.222  -17.395 0.0000000000
114758  46.670  -52.734  -12.919 0.0000000000
114756  46.437  -53.277  -12.582 0.0000000000
90863  35.871  -49.478  -17.737 0.0000000000
114759  46.938  -52.106  -13.198 0.0000000000
91428  46.405  -50.748  -13.060 0.0000000000
162962  46.771  -51.097  -13.282 0.0000000000
162288  35.505  -48.273  -17.911 0.0000000000
91429  46.617  -50.039  -13.391 0.0000000000
162964  47.290  -49.650  -13.844 0.0000000000
22798  47.538  -48.854  -14.145 0.0000000000
40444  35.620  -47.630  -18.299 0.0000000000
114764  47.782  -48.122  -14.443 0.0000000000
22799  47.995  -47.437  -14.756 0.0000000000
53519  47.609  -47.055  -14.588 0.0000000000
90864  35.235  -46.427  -18.760 0.0000000000
53521  47.844  -46.346  -14.930 0.0000000000
91458  48.227  -45.062  -15.744 0.0000000000
162997  48.064  -45.731  -15.318 0.0000000000
128039  36.027  -45.427  -19.519 0.0000000000
91456  47.345  -45.145  -15.322 0.0000000000
62930  35.700  -44.132  -19.923 0.0000000000
5618  36.436  -43.381  -20.575 0.0000000000
128047  37.222  -42.388  -21.188 0.0000000000
162991  46.999  -43.957  -15.725 0.0000000000
91450  46.381  -43.445  -15.822 0.0000000000
128046  38.158  -42.834  -21.349 0.0000000000
5619  38.794  -42.195  -21.376 0.0000000000
128309  46.038  -43.167  -15.846 0.0000000000
63123  45.798  -42.945  -15.952 0.0000000000
90888  38.996  -42.791  -21.125 0.0000000000
63122  45.467  -42.679  -15.983 0.0000000000
137470  45.175  -42.447  -16.125 0.0000000000
137472  44.952  -42.115  -16.353 0.0000000000
90889  39.924  -41.054  -20.759 0.0000000000
22617  39.441  -41.627  -20.976 0.0000000000
114437  39.134  -42.015  -21.210 0.0000000000
32055  45.273  -41.391  -16.904 0.0000000000
90895  40.412  -40.039  -20.172 0.0000000000
10073  40.056  -40.722  -20.442 0.0000000000
7156  44.691  -40.829  -17.121 0.0000000000
102106  44.067  -41.259  -16.920 0.0000000000
102117  41.691  -39.632  -18.973 0.0000000000
102119  41.238  -39.504  -19.430 0.0000000000
162323  40.955  -39.671  -19.626 0.0000000000
40456  40.782  -39.743  -19.992 0.0000000000
15767  44.057  -40.442  -17.362 0.0000000000
70339  43.807  -40.209  -17.605 0.0000000000
70349  42.602  -39.503  -18.335 0.0000000000
102116  42.077  -39.214  -18.825 0.0000000000
29595  40.849  -71.002  -14.609 0.0000000000
130793  39.502  -71.423  -14.098 0.0000000000
98940  38.982  -71.266  -13.839 0.0000000000
54329  37.117  -71.155  -12.849 0.0000000000
54337  35.709  -69.240  -13.017 0.0000000000
54338  35.052  -69.876  -12.844 0.0000000000
116004  36.408  -70.039  -12.753 0.0000000000
54335  35.946  -69.934  -12.670 0.0000000000
54333  36.816  -70.173  -12.793 0.0000000000
48258  43.757  -70.229  -15.394 0.0000000000
75651  44.664  -71.027  -15.098 0.0000000000
105296  44.317  -70.217  -15.320 0.0000000000
40400  33.791  -68.402  -14.245 0.0000000000
75653  45.809  -70.191  -14.510 0.0000000000
75650  44.778  -70.228  -15.129 0.0000000000
22572  33.031  -68.056  -14.661 0.0000000000
143994  46.251  -68.211  -13.385 0.0000000000
34312  46.226  -69.224  -13.962 0.0000000000
22571  32.190  -67.580  -14.860 0.0000000000
143997  46.362  -66.572  -11.768 0.0000000000
34315  46.190  -67.308  -12.834 0.0000000000
53291  32.414  -66.746  -14.970 0.0000000000
7993  46.236  -66.025  -10.842 0.0000000000
143998  46.141  -65.853  -11.293 0.0000000000
162177  32.338  -65.586  -14.919 0.0000000000
144003  45.538  -63.878  -10.089 0.0000000000
144004  45.432  -63.191  -9.717 0.0000000000
75646  46.083  -65.255  -10.503 0.0000000000
144002  45.758  -64.511  -10.463 0.0000000000
75670  44.968  -62.492  -9.818 0.0000000000
162184  32.346  -64.102  -14.917 0.0000000000
34319  44.749  -61.727  -9.587 0.0000000000
162183  31.888  -63.902  -14.857 0.0000000000
144009  44.546  -60.969  -9.416 0.0000000000
40408  31.841  -62.379  -14.801 0.0000000000
70247  45.047  -61.033  -8.808 0.0000000000
144007  44.834  -61.041  -9.105 0.0000000000
90776  32.261  -61.179  -14.865 0.0000000000
70248  45.269  -61.006  -8.451 0.0000000000
5607  32.629  -60.140  -14.878 0.0000000000
90774  31.898  -60.749  -14.872 0.0000000000
70249  45.380  -60.257  -8.388 0.0000000000
102054  45.546  -59.591  -8.440 0.0000000000
28525  33.410  -57.957  -15.020 0.0000000000
102055  45.751  -58.935  -8.542 0.0000000000
46458  46.092  -58.273  -8.740 0.0000000000
62900  32.976  -57.596  -15.032 0.0000000000
46459  46.478  -57.735  -9.053 0.0000000000
62901  33.777  -56.974  -15.116 0.0000000000
1407  46.084  -57.702  -9.177 0.0000000000
62903  34.645  -56.351  -15.299 0.0000000000
62905  34.965  -55.438  -15.477 0.0000000000
34325  45.762  -56.646  -10.224 0.0000000000
144027  46.005  -56.145  -10.698 0.0000000000
144026  45.285  -56.521  -10.285 0.0000000000
13289  34.646  -54.145  -15.669 0.0000000000
34326  46.330  -55.756  -11.192 0.0000000000
75690  46.662  -55.363  -11.693 0.0000000000
62907  35.422  -53.608  -15.976 0.0000000000
62908  35.601  -52.710  -16.311 0.0000000000
144034  46.863  -54.366  -12.563 0.0000000000
5610  34.991  -52.272  -16.208 0.0000000000
162279  34.320  -51.759  -16.212 0.0000000000
144035  46.528  -54.110  -12.445 0.0000000000
8000  46.791  -53.647  -12.841 0.0000000000
144038  46.152  -53.802  -12.208 0.0000000000
40442  35.203  -50.436  -16.888 0.0000000000
22795  47.355  -52.414  -13.407 0.0000000000
114757  47.058  -53.119  -13.192 0.0000000000
90861  35.266  -49.652  -17.216 0.0000000000
114760  47.172  -51.433  -13.486 0.0000000000
10069  35.376  -48.955  -17.581 0.0000000000
40669  47.015  -50.360  -13.589 0.0000000000
162965  47.684  -49.990  -14.096 0.0000000000
114422  34.809  -48.518  -17.559 0.0000000000
91431  47.942  -49.234  -14.365 0.0000000000
91430  48.182  -48.486  -14.662 0.0000000000
114765  48.413  -47.804  -14.903 0.0000000000
162287  34.932  -47.836  -17.944 0.0000000000
114767  48.624  -47.123  -15.178 0.0000000000
53520  48.207  -46.718  -15.050 0.0000000000
90865  35.126  -46.980  -18.373 0.0000000000
114769  48.999  -45.768  -15.890 0.0000000000
22801  48.444  -46.068  -15.400 0.0000000000
128036  35.315  -45.752  -19.121 0.0000000000
162998  48.622  -45.394  -15.837 0.0000000000
91457  47.974  -44.756  -15.744 0.0000000000
40681  48.888  -44.691  -16.308 0.0000000000
128038  35.508  -44.881  -19.520 0.0000000000
128037  34.957  -44.384  -19.630 0.0000000000
13297  35.132  -43.654  -20.030 0.0000000000
91455  47.619  -44.477  -15.768 0.0000000000
91454  47.298  -44.272  -15.759 0.0000000000
97663  35.280  -42.948  -20.437 0.0000000000
97664  35.983  -42.779  -20.587 0.0000000000
91452  46.737  -43.694  -15.755 0.0000000000
97666  36.126  -42.119  -21.034 0.0000000000
13299  36.809  -41.867  -21.220 0.0000000000
128310  46.728  -42.876  -16.429 0.0000000000
28660  46.422  -42.592  -16.462 0.0000000000
128048  37.756  -42.227  -21.292 0.0000000000
62936  36.944  -41.240  -21.548 0.0000000000
128049  38.355  -41.971  -21.399 0.0000000000
114436  38.893  -41.528  -21.499 0.0000000000
137473  45.574  -41.745  -16.617 0.0000000000
114442  40.063  -39.583  -20.840 0.0000000000
22618  39.866  -39.882  -21.045 0.0000000000
53337  39.571  -40.135  -21.369 0.0000000000
70335  45.658  -40.728  -17.374 0.0000000000
70338  44.944  -40.216  -17.502 0.0000000000
162324  41.107  -39.007  -19.733 0.0000000000
22619  40.585  -39.059  -20.622 0.0000000000
114441  40.339  -39.972  -20.541 0.0000000000
102107  44.413  -40.572  -17.303 0.0000000000
137481  44.715  -40.028  -17.708 0.0000000000
70341  44.098  -39.571  -17.936 0.0000000000
70343  43.756  -39.310  -18.195 0.0000000000
32062  42.809  -39.780  -18.205 0.0000000000
70354  41.732  -38.800  -19.409 0.0000000000
162326  41.003  -38.998  -20.078 0.0000000000
90897  40.801  -38.662  -20.351 0.0000000000
70351  42.884  -38.674  -18.562 0.0000000000
137499  42.393  -38.512  -18.966 0.0000000000
70355  42.249  -38.098  -19.299 0.0000000000
1416  42.479  -43.132  -16.783 0.0000000000
1785  40.505  -57.024  -11.642 0.0000000000
2501  35.733  -57.899  -16.019 0.0000000000
2505  38.300  -45.341  -20.648 0.0000000000
3335  41.579  -46.416  -16.036 0.0000000000
3336  41.313  -45.680  -17.943 0.0000000000
3932  41.290  -57.096  -10.287 0.0000000000
3935  40.167  -59.813  -15.538 0.0000000000
3936  40.983  -59.445  -17.426 0.0000000000
5681  44.677  -48.379  -12.541 0.0000000000
5683  47.009  -43.118  -16.337 0.0000000000
7158  43.525  -40.068  -17.928 0.0000000000
7159  42.485  -39.174  -18.689 0.0000000000
7994  45.157  -69.338  -14.702 0.0000000000
10056  35.738  -63.345  -15.892 0.0000000000
10148  48.221  -44.099  -16.219 0.0000000000
11016  41.166  -47.225  -18.649 0.0000000000
11609  41.157  -63.815  -11.643 0.0000000000
13298  35.534  -42.131  -20.822 0.0000000000
13360  44.123  -49.764  -12.070 0.0000000000
14007  38.773  -70.257  -13.565 0.0000000000
15759  41.100  -49.828  -14.418 0.0000000000
15762  42.103  -44.554  -16.431 0.0000000000
15763  42.331  -45.083  -15.464 0.0000000000
15764  42.874  -43.391  -16.149 0.0000000000
15770  41.860  -40.828  -18.349 0.0000000000
15771  41.399  -40.337  -18.818 0.0000000000
15772  41.968  -38.958  -19.128 0.0000000000
15773  41.024  -40.208  -19.291 0.0000000000
17539  44.278  -69.495  -15.118 0.0000000000
17541  44.618  -66.170  -12.996 0.0000000000
17551  44.108  -56.049  -10.184 0.0000000000
17553  43.292  -55.870  -10.085 0.0000000000
17554  40.789  -57.092  -10.880 0.0000000000
17555  41.834  -55.664  -10.405 0.0000000000
17558  40.823  -55.386  -11.617 0.0000000000
17561  39.809  -61.478  -14.245 0.0000000000
17564  40.219  -56.549  -14.569 0.0000000000
17567  40.619  -53.113  -14.373 0.0000000000
22616  39.097  -40.818  -21.565 0.0000000000
22796  46.551  -51.816  -12.966 0.0000000000
22797  46.777  -48.227  -13.671 0.0000000000
22804  45.084  -45.064  -14.112 0.0000000000
23384  38.168  -68.540  -13.836 0.0000000000
24435  41.510  -46.050  -17.026 0.0000000000
24438  41.437  -43.999  -18.036 0.0000000000
25508  41.930  -57.138  -9.975 0.0000000000
25509  40.924  -58.657  -10.289 0.0000000000
25510  40.485  -58.672  -10.978 0.0000000000
25513  40.128  -61.514  -15.332 0.0000000000
25514  40.392  -61.494  -16.424 0.0000000000
25519  41.312  -57.293  -18.327 0.0000000000
28545  38.444  -43.952  -21.119 0.0000000000
28546  37.663  -42.941  -21.031 0.0000000000
29597  42.286  -68.142  -14.394 0.0000000000
29602  39.992  -64.703  -13.972 0.0000000000
32046  41.436  -50.172  -12.713 0.0000000000
34314  45.526  -67.501  -13.598 0.0000000000
34318  45.238  -63.170  -9.995 0.0000000000
34332  42.531  -55.684  -10.211 0.0000000000
34337  41.498  -52.005  -11.747 0.0000000000
34343  40.272  -56.837  -12.518 0.0000000000
34349  40.841  -51.167  -15.318 0.0000000000
34353  41.287  -50.699  -17.513 0.0000000000
34354  41.486  -50.171  -18.510 0.0000000000
40404  37.118  -62.729  -17.014 0.0000000000
40410  33.373  -63.821  -15.046 0.0000000000
40422  40.848  -48.832  -19.932 0.0000000000
40452  40.295  -42.838  -19.747 0.0000000000
40454  39.913  -42.341  -20.376 0.0000000000
40675  43.843  -47.846  -12.668 0.0000000000
40678  46.353  -44.350  -15.121 0.0000000000
40679  47.005  -44.886  -15.187 0.0000000000
42328  41.168  -64.723  -12.108 0.0000000000
42331  40.554  -62.843  -11.536 0.0000000000
44730  40.277  -68.420  -14.339 0.0000000000
44734  36.083  -67.847  -13.870 0.0000000000
46480  41.194  -49.020  -14.507 0.0000000000
46483  42.413  -44.054  -16.191 0.0000000000
46486  42.964  -42.370  -16.737 0.0000000000
46487  43.204  -41.692  -16.957 0.0000000000
46490  41.259  -41.119  -18.715 0.0000000000
46493  40.833  -40.914  -19.196 0.0000000000
48273  42.931  -56.485  -9.852 0.0000000000
48276  40.809  -56.305  -11.235 0.0000000000
48283  40.268  -57.299  -15.149 0.0000000000
48286  40.441  -55.535  -15.107 0.0000000000
48288  40.594  -55.406  -15.602 0.0000000000
53292  32.902  -67.009  -14.944 0.0000000000
53293  33.196  -66.054  -15.033 0.0000000000
53514  45.704  -52.679  -12.141 0.0000000000
53516  45.917  -52.118  -12.405 0.0000000000
53517  47.017  -47.504  -14.015 0.0000000000
54330  37.710  -70.645  -13.096 0.0000000000
56079  41.215  -49.296  -17.126 0.0000000000
56080  41.251  -48.698  -16.712 0.0000000000
56083  41.354  -46.754  -17.440 0.0000000000
56086  41.523  -45.052  -17.589 0.0000000000
56089  40.861  -45.268  -18.887 0.0000000000
56092  40.789  -43.629  -18.849 0.0000000000
56093  40.670  -44.124  -19.235 0.0000000000
57871  41.156  -59.392  -10.174 0.0000000000
57876  40.174  -59.455  -11.348 0.0000000000
57883  40.636  -60.444  -16.980 0.0000000000
57887  40.990  -57.774  -17.053 0.0000000000
57889  40.679  -58.842  -18.452 0.0000000000
62929  35.810  -43.492  -20.231 0.0000000000
62932  36.750  -44.583  -20.187 0.0000000000
62935  36.976  -43.061  -20.784 0.0000000000
62937  37.530  -41.667  -21.572 0.0000000000
63115  44.746  -51.137  -11.982 0.0000000000
63118  44.834  -49.351  -12.417 0.0000000000
65061  40.291  -70.837  -14.318 0.0000000000
65068  41.531  -67.268  -13.901 0.0000000000
65080  38.334  -67.895  -14.260 0.0000000000
65081  37.918  -67.748  -14.272 0.0000000000
65083  38.492  -66.472  -15.331 0.0000000000
65089  37.369  -65.350  -16.153 0.0000000000
65093  37.437  -64.414  -16.676 0.0000000000
70314  41.345  -50.103  -13.103 0.0000000000
70326  42.463  -45.179  -15.109 0.0000000000
70327  43.024  -44.597  -15.022 0.0000000000
70330  44.253  -43.503  -15.307 0.0000000000
70332  44.375  -41.550  -16.774 0.0000000000
70334  44.946  -41.179  -16.910 0.0000000000
70336  45.312  -40.461  -17.497 0.0000000000
70340  44.400  -39.714  -17.854 0.0000000000
70344  41.689  -42.712  -17.775 0.0000000000
70348  42.316  -40.254  -18.171 0.0000000000
70353  42.799  -38.406  -18.925 0.0000000000
75654  45.708  -69.251  -14.338 0.0000000000
75662  45.839  -66.503  -12.667 0.0000000000
75675  44.593  -59.632  -9.163 0.0000000000
75677  42.524  -61.151  -10.294 0.0000000000
75688  45.579  -56.045  -10.675 0.0000000000
75701  41.872  -56.386  -10.189 0.0000000000
75703  42.516  -54.981  -10.443 0.0000000000
75706  43.201  -53.711  -10.843 0.0000000000
75709  41.381  -53.860  -11.268 0.0000000000
75710  41.956  -53.222  -11.124 0.0000000000
75711  41.605  -53.066  -11.348 0.0000000000
75713  41.300  -52.885  -11.712 0.0000000000
75723  39.947  -60.645  -14.911 0.0000000000
75727  40.062  -57.529  -13.511 0.0000000000
75731  40.291  -55.902  -13.021 0.0000000000
75732  40.502  -54.158  -13.458 0.0000000000
75735  40.901  -52.541  -12.501 0.0000000000
75737  40.944  -51.729  -12.977 0.0000000000
75741  40.702  -52.175  -14.919 0.0000000000
75747  41.217  -53.203  -17.379 0.0000000000
75750  41.004  -51.860  -16.367 0.0000000000
75752  41.150  -50.854  -16.974 0.0000000000
75756  41.454  -50.897  -18.787 0.0000000000
90760  34.992  -66.269  -14.907 0.0000000000
90778  32.969  -62.082  -15.002 0.0000000000
90786  36.720  -60.824  -16.901 0.0000000000
90794  39.581  -56.648  -18.459 0.0000000000
90799  38.670  -53.228  -18.486 0.0000000000
90802  39.631  -54.240  -18.754 0.0000000000
90860  34.533  -50.097  -16.945 0.0000000000
90873  38.261  -48.421  -19.715 0.0000000000
90890  39.761  -42.010  -20.702 0.0000000000
91442  42.832  -48.160  -12.672 0.0000000000
91446  44.861  -46.699  -13.172 0.0000000000
91447  45.458  -46.262  -13.517 0.0000000000
91449  46.126  -45.912  -14.030 0.0000000000
93552  41.411  -48.949  -18.228 0.0000000000
93559  40.943  -46.159  -18.945 0.0000000000
94638  40.630  -60.102  -18.102 0.0000000000
97665  36.597  -42.676  -20.934 0.0000000000
97774  43.879  -50.531  -11.781 0.0000000000
102093  41.166  -49.876  -13.988 0.0000000000
102098  41.779  -45.578  -16.200 0.0000000000
102100  42.142  -44.914  -15.894 0.0000000000
102101  42.562  -44.184  -15.769 0.0000000000
102110  43.189  -40.823  -17.516 0.0000000000
102111  41.218  -42.344  -18.401 0.0000000000
102112  41.654  -41.628  -18.221 0.0000000000
102115  41.820  -39.776  -18.691 0.0000000000
102118  41.426  -39.562  -19.204 0.0000000000
105307  44.474  -62.419  -10.338 0.0000000000
105309  43.919  -61.708  -10.332 0.0000000000
105312  42.634  -59.550  -9.674 0.0000000000
105325  41.551  -56.358  -10.348 0.0000000000
105330  41.496  -54.783  -10.934 0.0000000000
105337  39.786  -60.728  -13.754 0.0000000000
105343  40.259  -55.822  -13.474 0.0000000000
105345  40.361  -54.850  -13.993 0.0000000000
105349  40.546  -53.783  -15.027 0.0000000000
114362  34.629  -64.823  -15.124 0.0000000000
114371  33.744  -59.981  -15.148 0.0000000000
114374  34.914  -61.168  -15.609 0.0000000000
114438  39.334  -41.150  -21.326 0.0000000000
114439  39.667  -40.751  -21.018 0.0000000000
114440  39.965  -40.292  -20.796 0.0000000000
114762  46.888  -49.292  -13.625 0.0000000000
114771  43.809  -46.895  -13.080 0.0000000000
115999  38.462  -69.305  -13.571 0.0000000000
116007  36.291  -68.649  -13.344 0.0000000000
118446  41.132  -49.537  -15.955 0.0000000000
118450  41.384  -47.035  -16.410 0.0000000000
118459  41.664  -43.451  -17.732 0.0000000000
118461  41.172  -44.806  -18.330 0.0000000000
118463  41.131  -43.203  -18.348 0.0000000000
120958  41.377  -57.845  -10.055 0.0000000000
120962  40.845  -57.854  -10.582 0.0000000000
120963  40.618  -57.859  -10.909 0.0000000000
120965  40.276  -57.750  -11.651 0.0000000000
120968  40.227  -62.330  -15.779 0.0000000000
120974  40.450  -58.840  -16.144 0.0000000000
120981  41.140  -58.462  -17.865 0.0000000000
120985  41.270  -56.202  -18.647 0.0000000000
127994  32.236  -59.661  -14.855 0.0000000000
128000  35.340  -57.500  -15.680 0.0000000000
128005  35.218  -54.547  -15.706 0.0000000000
128041  37.229  -45.132  -20.232 0.0000000000
128043  38.419  -44.632  -20.926 0.0000000000
128050  38.577  -41.074  -21.606 0.0000000000
128298  45.369  -50.769  -12.392 0.0000000000
128308  45.396  -43.629  -15.305 0.0000000000
130798  42.771  -69.621  -15.005 0.0000000000
130806  40.893  -65.260  -12.685 0.0000000000
130808  40.313  -63.610  -12.133 0.0000000000
130809  40.345  -64.355  -12.536 0.0000000000
130825  39.903  -64.638  -15.410 0.0000000000
130828  39.972  -63.906  -16.401 0.0000000000
137449  42.298  -49.624  -12.255 0.0000000000
137462  42.035  -45.852  -15.248 0.0000000000
137464  42.309  -46.150  -14.363 0.0000000000
137465  42.932  -45.512  -14.382 0.0000000000
137466  43.537  -44.902  -14.432 0.0000000000
137469  44.842  -43.095  -15.614 0.0000000000
137488  42.650  -41.341  -17.503 0.0000000000
137492  43.127  -39.896  -18.007 0.0000000000
143987  44.162  -68.769  -14.779 0.0000000000
144000  45.776  -65.001  -11.271 0.0000000000
144010  44.845  -60.314  -8.999 0.0000000000
144016  43.544  -60.292  -9.782 0.0000000000
144025  46.501  -56.292  -10.673 0.0000000000
144047  43.646  -54.512  -10.608 0.0000000000
144060  40.116  -62.782  -11.998 0.0000000000
144065  39.870  -60.202  -12.036 0.0000000000
144066  39.909  -59.343  -12.016 0.0000000000
144074  39.854  -59.120  -13.437 0.0000000000
144075  39.955  -58.358  -13.018 0.0000000000
144077  40.399  -56.920  -12.025 0.0000000000
144080  40.778  -54.393  -12.028 0.0000000000
144083  40.903  -53.583  -12.030 0.0000000000
144085  41.283  -51.938  -12.101 0.0000000000
144089  41.043  -50.824  -13.435 0.0000000000
144092  40.989  -50.709  -13.917 0.0000000000
144100  40.913  -53.507  -16.425 0.0000000000
144101  40.822  -52.724  -15.887 0.0000000000
144107  41.318  -49.954  -17.607 0.0000000000
162149  34.896  -69.015  -13.363 0.0000000000
162158  34.716  -68.062  -13.928 0.0000000000
162189  35.370  -62.889  -15.681 0.0000000000
162193  36.767  -62.252  -16.879 0.0000000000
162196  38.765  -60.674  -18.062 0.0000000000
162208  37.813  -54.478  -17.621 0.0000000000
162221  41.122  -49.382  -19.628 0.0000000000
162281  34.400  -50.915  -16.527 0.0000000000
162282  35.118  -51.355  -16.516 0.0000000000
162283  35.793  -50.980  -17.013 0.0000000000
162284  36.357  -50.762  -17.561 0.0000000000
162312  40.401  -42.439  -19.442 0.0000000000
162322  40.725  -40.726  -19.546 0.0000000000
162325  40.545  -39.507  -20.252 0.0000000000
162985  45.634  -47.267  -13.234 0.0000000000
162987  46.836  -46.487  -14.276 0.0000000000
162996  47.438  -46.059  -14.889 0.0000000000
