#!ascii label  , from subject fsaverage vox2ras=TkReg
633
79766  -31.605  -83.503  -14.984 0.0000000000
6374  -32.451  -83.140  -15.013 0.0000000000
132521  -32.445  -83.648  -15.447 0.0000000000
148956  -31.632  -83.104  -14.587 0.0000000000
107764  -32.423  -82.790  -14.594 0.0000000000
132524  -33.197  -82.886  -15.009 0.0000000000
132523  -33.128  -83.411  -15.330 0.0000000000
79771  -31.762  -81.961  -13.236 0.0000000000
79769  -31.704  -82.348  -13.702 0.0000000000
18910  -32.429  -82.422  -14.168 0.0000000000
79768  -31.666  -82.717  -14.149 0.0000000000
107763  -33.167  -82.476  -14.644 0.0000000000
14462  -33.883  -83.755  -15.551 0.0000000000
99760  -34.588  -83.622  -15.444 0.0000000000
99759  -33.897  -84.197  -15.845 0.0000000000
45182  -34.687  -84.102  -15.780 0.0000000000
14461  -33.975  -84.671  -16.137 0.0000000000
45181  -34.850  -84.582  -16.044 0.0000000000
45180  -34.132  -85.222  -16.420 0.0000000000
8577  -32.459  -81.717  -13.263 0.0000000000
148968  -31.863  -81.494  -12.766 0.0000000000
79767  -32.447  -82.046  -13.722 0.0000000000
107766  -33.146  -81.776  -13.816 0.0000000000
107765  -33.109  -82.131  -14.245 0.0000000000
132525  -33.857  -82.239  -14.643 0.0000000000
66425  -33.901  -83.262  -15.248 0.0000000000
45183  -35.515  -83.983  -15.594 0.0000000000
981  -35.710  -84.439  -15.803 0.0000000000
148966  -33.404  -80.300  -12.556 0.0000000000
148964  -33.263  -80.882  -12.948 0.0000000000
107767  -33.181  -81.362  -13.369 0.0000000000
49630  -33.816  -81.469  -13.966 0.0000000000
49629  -34.525  -81.171  -14.107 0.0000000000
132526  -34.543  -81.607  -14.469 0.0000000000
30233  -35.302  -81.417  -14.570 0.0000000000
18909  -33.814  -81.857  -14.342 0.0000000000
66427  -34.581  -82.036  -14.733 0.0000000000
6375  -35.363  -82.475  -14.902 0.0000000000
66426  -34.594  -82.592  -14.943 0.0000000000
99761  -35.387  -83.021  -15.100 0.0000000000
132528  -36.226  -83.245  -15.152 0.0000000000
14463  -35.444  -83.527  -15.333 0.0000000000
148963  -33.953  -80.501  -13.054 0.0000000000
148962  -34.603  -80.242  -13.268 0.0000000000
982  -35.273  -80.496  -13.878 0.0000000000
18911  -33.862  -81.030  -13.530 0.0000000000
49631  -34.537  -80.721  -13.704 0.0000000000
132527  -35.264  -80.951  -14.275 0.0000000000
132534  -36.087  -81.179  -14.571 0.0000000000
66428  -35.364  -81.908  -14.786 0.0000000000
132532  -36.821  -81.372  -14.599 0.0000000000
132530  -36.110  -82.130  -14.775 0.0000000000
30234  -36.857  -81.885  -14.684 0.0000000000
66431  -37.739  -81.675  -14.551 0.0000000000
132529  -36.159  -82.685  -14.930 0.0000000000
66430  -36.962  -82.441  -14.822 0.0000000000
66429  -37.857  -82.196  -14.721 0.0000000000
23654  -37.076  -83.000  -15.014 0.0000000000
116631  -37.157  -83.545  -15.152 0.0000000000
54781  -38.225  -83.974  -15.063 0.0000000000
23653  -37.251  -84.077  -15.249 0.0000000000
148965  -34.186  -79.299  -12.382 0.0000000000
79773  -34.709  -79.618  -12.896 0.0000000000
122857  -35.311  -79.949  -13.502 0.0000000000
30236  -36.742  -79.943  -14.071 0.0000000000
66436  -37.404  -79.632  -14.019 0.0000000000
79776  -33.475  -79.696  -12.147 0.0000000000
35994  -34.078  -79.942  -12.675 0.0000000000
132535  -36.027  -80.712  -14.341 0.0000000000
66434  -37.487  -80.140  -14.190 0.0000000000
14465  -38.271  -80.459  -14.137 0.0000000000
30235  -36.833  -80.897  -14.538 0.0000000000
99763  -38.406  -80.949  -14.235 0.0000000000
116636  -39.251  -81.249  -14.146 0.0000000000
41303  -42.186  -81.227  -13.378 0.0000000000
2902  -38.502  -81.447  -14.408 0.0000000000
116633  -38.628  -81.981  -14.537 0.0000000000
116634  -39.593  -82.318  -14.387 0.0000000000
92773  -39.931  -83.334  -14.503 0.0000000000
54782  -38.111  -83.401  -14.983 0.0000000000
2901  -39.033  -83.714  -14.831 0.0000000000
79774  -34.803  -78.980  -12.630 0.0000000000
26323  -35.365  -79.355  -13.177 0.0000000000
122856  -35.992  -79.728  -13.718 0.0000000000
66437  -37.308  -79.119  -13.872 0.0000000000
66432  -38.153  -79.944  -14.042 0.0000000000
99762  -39.107  -80.758  -14.026 0.0000000000
90475  -42.964  -78.764  -12.342 0.0000000000
161819  -42.429  -79.925  -13.279 0.0000000000
54784  -41.016  -80.870  -13.809 0.0000000000
10583  -42.009  -80.755  -13.497 0.0000000000
116635  -39.429  -81.770  -14.248 0.0000000000
10582  -40.459  -81.826  -14.080 0.0000000000
41302  -41.447  -81.805  -13.725 0.0000000000
92775  -40.635  -82.320  -14.101 0.0000000000
26322  -36.608  -78.889  -13.681 0.0000000000
132538  -37.259  -78.609  -13.832 0.0000000000
107769  -34.889  -78.358  -12.494 0.0000000000
79772  -35.444  -78.708  -12.931 0.0000000000
122858  -35.992  -79.127  -13.452 0.0000000000
132537  -36.665  -79.445  -13.847 0.0000000000
99765  -38.771  -79.739  -13.897 0.0000000000
18913  -34.267  -78.630  -12.171 0.0000000000
6376  -38.050  -79.417  -13.935 0.0000000000
45185  -39.351  -79.468  -13.772 0.0000000000
116638  -40.152  -79.677  -13.714 0.0000000000
161822  -42.143  -78.941  -12.975 0.0000000000
99764  -38.950  -80.252  -13.940 0.0000000000
14464  -39.563  -80.020  -13.800 0.0000000000
54788  -41.077  -79.665  -13.581 0.0000000000
161820  -42.046  -79.638  -13.345 0.0000000000
40288  -42.550  -79.217  -12.915 0.0000000000
116637  -39.764  -80.505  -13.854 0.0000000000
2903  -41.415  -80.045  -13.607 0.0000000000
92777  -41.734  -80.388  -13.575 0.0000000000
54786  -40.725  -80.487  -13.784 0.0000000000
122860  -36.061  -77.861  -13.285 0.0000000000
122859  -36.033  -78.496  -13.273 0.0000000000
30237  -37.916  -78.350  -13.879 0.0000000000
99767  -38.534  -78.639  -13.841 0.0000000000
99766  -38.630  -79.197  -13.849 0.0000000000
18914  -34.384  -77.352  -12.172 0.0000000000
49635  -34.437  -76.766  -12.333 0.0000000000
161823  -41.683  -79.316  -13.349 0.0000000000
18916  -34.463  -76.226  -12.584 0.0000000000
132540  -38.473  -78.102  -13.867 0.0000000000
99768  -39.045  -78.446  -13.702 0.0000000000
49634  -35.015  -76.491  -12.734 0.0000000000
49636  -35.024  -75.997  -12.975 0.0000000000
49637  -35.042  -75.533  -13.263 0.0000000000
107779  -34.996  -75.117  -13.608 0.0000000000
79789  -34.873  -74.753  -14.003 0.0000000000
79793  -35.429  -73.856  -15.113 0.0000000000
148994  -36.163  -73.684  -15.438 0.0000000000
122863  -36.074  -77.201  -13.369 0.0000000000
122862  -36.633  -76.997  -13.791 0.0000000000
49638  -35.579  -75.394  -13.653 0.0000000000
18918  -35.562  -75.008  -13.968 0.0000000000
148989  -36.127  -74.856  -14.481 0.0000000000
107780  -35.533  -74.660  -14.370 0.0000000000
148990  -36.161  -74.518  -14.815 0.0000000000
8580  -35.496  -74.275  -14.759 0.0000000000
148991  -36.191  -74.140  -15.143 0.0000000000
148993  -36.849  -73.579  -15.811 0.0000000000
1999  -35.571  -75.821  -13.387 0.0000000000
122866  -36.057  -75.590  -13.855 0.0000000000
122867  -36.116  -75.237  -14.096 0.0000000000
79795  -36.781  -74.473  -15.239 0.0000000000
36003  -36.786  -74.078  -15.564 0.0000000000
148992  -37.594  -73.479  -16.148 0.0000000000
107782  -38.298  -73.272  -16.429 0.0000000000
4384  -37.861  -77.406  -14.099 0.0000000000
122861  -37.205  -76.955  -14.042 0.0000000000
95442  -38.381  -76.751  -14.348 0.0000000000
59233  -37.177  -76.442  -14.200 0.0000000000
12065  -37.770  -76.396  -14.489 0.0000000000
59232  -37.763  -75.932  -14.729 0.0000000000
26326  -36.583  -75.567  -14.271 0.0000000000
59234  -37.151  -75.948  -14.410 0.0000000000
161870  -40.250  -73.448  -13.676 0.0000000000
122868  -36.707  -75.158  -14.591 0.0000000000
59236  -37.135  -75.447  -14.687 0.0000000000
59238  -37.747  -75.057  -15.293 0.0000000000
26327  -36.764  -74.826  -14.915 0.0000000000
122871  -38.438  -74.577  -15.787 0.0000000000
12067  -39.101  -74.363  -15.792 0.0000000000
95449  -39.671  -74.124  -15.587 0.0000000000
79794  -37.387  -74.359  -15.668 0.0000000000
122870  -37.955  -74.299  -15.910 0.0000000000
122872  -38.537  -74.142  -16.112 0.0000000000
59240  -39.202  -73.943  -16.122 0.0000000000
122873  -38.672  -73.693  -16.386 0.0000000000
4387  -38.138  -73.818  -16.197 0.0000000000
132543  -38.848  -76.520  -14.216 0.0000000000
95445  -38.377  -75.833  -14.880 0.0000000000
42785  -38.935  -75.662  -14.804 0.0000000000
42784  -39.396  -75.351  -14.509 0.0000000000
132545  -39.699  -74.891  -14.109 0.0000000000
161844  -40.025  -74.157  -13.873 0.0000000000
4386  -37.743  -75.481  -15.009 0.0000000000
95446  -38.373  -75.402  -15.178 0.0000000000
12066  -38.979  -75.213  -15.144 0.0000000000
42786  -39.509  -74.941  -14.868 0.0000000000
446  -39.862  -74.518  -14.432 0.0000000000
161871  -40.185  -73.790  -14.233 0.0000000000
95447  -38.375  -74.991  -15.482 0.0000000000
95448  -39.015  -74.780  -15.453 0.0000000000
42787  -39.589  -74.531  -15.230 0.0000000000
12068  -40.097  -73.788  -15.191 0.0000000000
35995  -32.652  -80.666  -12.383 0.0000000000
79778  -32.010  -80.997  -12.262 0.0000000000
148967  -32.543  -81.223  -12.827 0.0000000000
148969  -31.241  -81.834  -12.664 0.0000000000
79777  -32.824  -80.096  -11.912 0.0000000000
79775  -33.588  -79.042  -11.875 0.0000000000
14466  -39.183  -78.952  -13.723 0.0000000000
66438  -37.979  -78.863  -13.868 0.0000000000
59230  -36.628  -78.280  -13.647 0.0000000000
107770  -34.931  -77.658  -12.434 0.0000000000
4385  -35.478  -78.032  -12.905 0.0000000000
49633  -34.974  -77.047  -12.535 0.0000000000
107768  -35.495  -77.397  -12.946 0.0000000000
26324  -36.648  -77.644  -13.685 0.0000000000
132539  -37.875  -77.868  -13.958 0.0000000000
18912  -35.507  -76.825  -13.034 0.0000000000
132541  -38.434  -77.639  -13.944 0.0000000000
122865  -36.025  -76.010  -13.651 0.0000000000
26325  -36.615  -76.469  -13.903 0.0000000000
59235  -36.585  -75.997  -14.059 0.0000000000
59231  -37.239  -77.531  -13.943 0.0000000000
30238  -38.858  -76.911  -13.985 0.0000000000
66442  -39.274  -76.130  -13.954 0.0000000000
95444  -38.359  -76.275  -14.599 0.0000000000
12064  -38.893  -76.098  -14.486 0.0000000000
132544  -39.317  -75.735  -14.209 0.0000000000
30239  -39.609  -75.285  -13.846 0.0000000000
161843  -39.864  -74.584  -13.607 0.0000000000
8578  -32.974  -79.453  -11.590 0.0000000000
59229  -37.237  -78.085  -13.856 0.0000000000
66440  -38.892  -77.377  -13.834 0.0000000000
66439  -39.319  -77.127  -13.645 0.0000000000
6377  -39.565  -76.260  -13.464 0.0000000000
66443  -39.565  -75.746  -13.629 0.0000000000
79764  -31.591  -83.931  -15.403 0.0000000000
30231  -32.394  -84.175  -15.840 0.0000000000
99758  -33.153  -84.429  -15.978 0.0000000000
79770  -30.993  -82.632  -13.647 0.0000000000
35992  -30.913  -83.030  -14.072 0.0000000000
45179  -35.033  -85.083  -16.245 0.0000000000
14459  -34.214  -85.821  -16.549 0.0000000000
35993  -31.092  -82.208  -13.205 0.0000000000
45177  -35.835  -84.949  -15.964 0.0000000000
79779  -32.185  -80.420  -11.770 0.0000000000
35996  -31.343  -81.310  -12.240 0.0000000000
116629  -36.489  -84.269  -15.535 0.0000000000
79781  -32.358  -79.759  -11.387 0.0000000000
54779  -38.274  -84.500  -15.141 0.0000000000
54780  -37.455  -84.647  -15.347 0.0000000000
40287  -43.224  -79.858  -12.667 0.0000000000
161817  -42.851  -80.759  -12.976 0.0000000000
161736  -42.922  -81.242  -12.759 0.0000000000
88  -42.261  -81.724  -13.242 0.0000000000
10581  -40.770  -82.829  -14.063 0.0000000000
92772  -39.984  -83.806  -14.403 0.0000000000
107773  -33.074  -78.780  -11.427 0.0000000000
90473  -43.372  -79.006  -12.219 0.0000000000
90474  -42.914  -79.522  -12.815 0.0000000000
41301  -41.525  -82.296  -13.635 0.0000000000
107772  -33.711  -78.360  -11.734 0.0000000000
45184  -39.913  -79.200  -13.678 0.0000000000
116639  -40.476  -78.859  -13.569 0.0000000000
161824  -41.334  -78.977  -13.325 0.0000000000
107775  -33.818  -77.077  -11.974 0.0000000000
107776  -33.866  -76.486  -12.231 0.0000000000
18917  -34.386  -75.322  -13.284 0.0000000000
45186  -39.708  -78.703  -13.621 0.0000000000
79791  -34.783  -74.362  -14.394 0.0000000000
36002  -35.346  -73.334  -15.367 0.0000000000
148995  -36.116  -73.198  -15.673 0.0000000000
36004  -36.884  -73.075  -15.999 0.0000000000
79798  -37.666  -72.927  -16.293 0.0000000000
99769  -39.412  -77.677  -13.566 0.0000000000
18920  -38.408  -72.734  -16.536 0.0000000000
107783  -39.105  -72.552  -16.703 0.0000000000
99770  -39.631  -76.831  -13.388 0.0000000000
40296  -40.062  -73.860  -13.363 0.0000000000
161872  -40.356  -73.403  -14.642 0.0000000000
40305  -40.461  -73.037  -14.041 0.0000000000
95450  -40.275  -73.364  -15.576 0.0000000000
59239  -39.765  -73.724  -15.931 0.0000000000
26329  -39.342  -73.480  -16.429 0.0000000000
107781  -38.869  -73.220  -16.550 0.0000000000
161838  -39.761  -76.085  -13.108 0.0000000000
161841  -39.684  -75.564  -13.178 0.0000000000
161842  -39.739  -75.055  -13.379 0.0000000000
35991  -30.800  -83.790  -14.923 0.0000000000
79765  -30.754  -84.216  -15.388 0.0000000000
132520  -31.535  -84.410  -15.835 0.0000000000
66421  -31.354  -85.460  -16.467 0.0000000000
99757  -33.130  -84.945  -16.188 0.0000000000
99755  -33.331  -86.050  -16.569 0.0000000000
99752  -34.356  -86.389  -16.514 0.0000000000
148957  -30.842  -83.375  -14.497 0.0000000000
45178  -35.137  -85.614  -16.365 0.0000000000
148960  -30.235  -82.879  -13.659 0.0000000000
148959  -30.163  -83.277  -14.005 0.0000000000
116627  -36.667  -85.356  -15.745 0.0000000000
99749  -35.949  -86.025  -16.068 0.0000000000
148970  -30.487  -82.067  -12.799 0.0000000000
148961  -30.336  -82.480  -13.262 0.0000000000
23652  -37.527  -85.150  -15.378 0.0000000000
90472  -43.578  -79.285  -12.086 0.0000000000
79780  -31.516  -80.733  -11.778 0.0000000000
40260  -43.340  -80.705  -12.262 0.0000000000
10580  -39.153  -84.667  -14.741 0.0000000000
54778  -38.385  -84.977  -15.083 0.0000000000
148974  -32.474  -79.126  -11.185 0.0000000000
90471  -43.686  -78.379  -11.668 0.0000000000
161816  -43.381  -80.230  -12.453 0.0000000000
161735  -42.807  -81.678  -12.563 0.0000000000
139328  -42.229  -82.179  -13.043 0.0000000000
41299  -41.526  -82.782  -13.480 0.0000000000
10579  -40.726  -83.743  -13.696 0.0000000000
92771  -39.967  -84.243  -14.221 0.0000000000
10017  -43.388  -78.167  -11.773 0.0000000000
18915  -33.131  -78.098  -11.421 0.0000000000
107774  -33.764  -77.701  -11.792 0.0000000000
107777  -33.854  -76.008  -12.534 0.0000000000
148983  -33.729  -75.599  -12.896 0.0000000000
79790  -34.256  -74.907  -13.656 0.0000000000
36001  -34.058  -74.548  -14.048 0.0000000000
79792  -34.686  -73.936  -14.732 0.0000000000
148987  -34.579  -73.486  -15.024 0.0000000000
148988  -35.363  -72.715  -15.544 0.0000000000
161825  -41.017  -78.584  -13.325 0.0000000000
90479  -41.410  -78.314  -12.944 0.0000000000
79800  -36.912  -72.554  -16.150 0.0000000000
148996  -36.066  -72.698  -15.867 0.0000000000
36005  -36.942  -72.002  -16.302 0.0000000000
45188  -40.028  -77.896  -13.425 0.0000000000
79799  -37.761  -72.298  -16.438 0.0000000000
79797  -38.542  -72.114  -16.639 0.0000000000
107784  -39.308  -71.935  -16.875 0.0000000000
161836  -40.195  -77.185  -13.136 0.0000000000
49640  -40.049  -71.664  -16.982 0.0000000000
161837  -39.934  -76.627  -13.096 0.0000000000
90493  -39.917  -74.070  -12.591 0.0000000000
90495  -40.065  -73.550  -12.804 0.0000000000
90517  -40.491  -72.619  -13.478 0.0000000000
161873  -40.565  -72.975  -15.058 0.0000000000
90519  -40.710  -72.583  -14.435 0.0000000000
59243  -40.660  -72.373  -16.230 0.0000000000
122874  -39.533  -72.929  -16.606 0.0000000000
18919  -39.766  -72.327  -16.791 0.0000000000
161840  -39.819  -75.378  -12.774 0.0000000000
40295  -39.793  -74.838  -12.905 0.0000000000
132519  -30.618  -85.113  -16.253 0.0000000000
66422  -31.414  -84.946  -16.287 0.0000000000
30230  -30.704  -84.641  -15.854 0.0000000000
66419  -31.329  -85.997  -16.531 0.0000000000
14460  -32.405  -86.299  -16.520 0.0000000000
99753  -33.443  -86.611  -16.616 0.0000000000
14458  -34.491  -86.919  -16.382 0.0000000000
148955  -29.955  -83.965  -14.782 0.0000000000
99750  -35.268  -86.702  -16.188 0.0000000000
148958  -30.049  -83.598  -14.374 0.0000000000
2900  -36.039  -86.453  -15.880 0.0000000000
116626  -36.745  -85.839  -15.669 0.0000000000
1998  -29.694  -82.637  -13.144 0.0000000000
116624  -38.440  -85.373  -14.937 0.0000000000
116625  -37.590  -85.608  -15.303 0.0000000000
40286  -43.817  -78.653  -11.544 0.0000000000
161814  -43.818  -79.008  -11.374 0.0000000000
90403  -43.456  -80.413  -11.611 0.0000000000
148975  -31.847  -79.526  -11.039 0.0000000000
40259  -43.027  -81.407  -11.836 0.0000000000
148973  -31.027  -80.571  -11.299 0.0000000000
90404  -43.217  -81.088  -12.065 0.0000000000
148972  -30.879  -81.078  -11.752 0.0000000000
18908  -30.006  -81.877  -12.191 0.0000000000
92769  -39.914  -84.629  -13.948 0.0000000000
92770  -39.130  -85.073  -14.464 0.0000000000
161813  -43.914  -78.055  -11.045 0.0000000000
161734  -42.611  -82.027  -12.310 0.0000000000
32702  -42.105  -82.583  -12.782 0.0000000000
71842  -41.324  -83.531  -12.935 0.0000000000
139326  -40.650  -84.100  -13.439 0.0000000000
90470  -43.885  -77.761  -11.175 0.0000000000
90469  -43.715  -77.540  -11.241 0.0000000000
79783  -32.580  -78.479  -11.124 0.0000000000
79782  -33.250  -77.383  -11.609 0.0000000000
8579  -33.274  -76.825  -11.852 0.0000000000
79788  -33.221  -76.354  -12.148 0.0000000000
22479  -42.470  -77.877  -11.930 0.0000000000
36000  -33.132  -75.888  -12.514 0.0000000000
148984  -33.588  -75.184  -13.297 0.0000000000
148985  -33.439  -74.756  -13.721 0.0000000000
148986  -33.934  -74.153  -14.389 0.0000000000
44725  -33.802  -72.980  -14.981 0.0000000000
44724  -34.531  -72.929  -15.208 0.0000000000
148997  -36.047  -72.175  -16.007 0.0000000000
44726  -34.529  -72.226  -15.386 0.0000000000
115989  -36.152  -71.535  -16.090 0.0000000000
90478  -41.705  -77.983  -12.499 0.0000000000
79801  -37.818  -71.743  -16.564 0.0000000000
148998  -37.004  -71.333  -16.420 0.0000000000
161834  -40.755  -77.489  -12.898 0.0000000000
8581  -38.671  -71.486  -16.768 0.0000000000
107785  -39.494  -71.347  -17.067 0.0000000000
18921  -40.280  -71.055  -17.173 0.0000000000
40293  -40.430  -76.999  -12.830 0.0000000000
161869  -40.250  -73.069  -13.114 0.0000000000
90489  -40.145  -76.479  -12.768 0.0000000000
90492  -39.833  -74.614  -12.449 0.0000000000
90491  -39.908  -73.858  -12.158 0.0000000000
10020  -39.995  -73.272  -12.357 0.0000000000
90518  -40.730  -72.100  -13.851 0.0000000000
40306  -40.943  -72.080  -14.886 0.0000000000
161875  -41.070  -71.156  -14.651 0.0000000000
161877  -41.019  -71.997  -15.800 0.0000000000
26330  -40.863  -71.731  -16.459 0.0000000000
40294  -39.952  -75.908  -12.717 0.0000000000
161839  -39.912  -75.181  -12.349 0.0000000000
30229  -30.515  -85.598  -16.492 0.0000000000
66418  -31.393  -86.511  -16.497 0.0000000000
99754  -32.514  -86.846  -16.564 0.0000000000
66410  -33.638  -87.178  -16.485 0.0000000000
66411  -33.685  -87.655  -16.364 0.0000000000
132503  -34.546  -87.447  -16.207 0.0000000000
148953  -29.719  -84.759  -15.792 0.0000000000
66409  -35.371  -87.167  -15.951 0.0000000000
4383  -29.043  -84.015  -14.697 0.0000000000
66407  -36.107  -86.869  -15.608 0.0000000000
59228  -29.170  -83.692  -14.289 0.0000000000
23651  -37.660  -86.011  -15.122 0.0000000000
54776  -38.445  -85.723  -14.695 0.0000000000
116623  -36.787  -86.262  -15.499 0.0000000000
49624  -28.649  -83.085  -13.587 0.0000000000
26321  -29.332  -83.370  -13.899 0.0000000000
139322  -39.174  -85.727  -13.790 0.0000000000
161811  -43.873  -78.434  -10.919 0.0000000000
10008  -43.745  -79.425  -11.270 0.0000000000
22454  -43.445  -80.193  -10.856 0.0000000000
161731  -43.088  -81.129  -11.084 0.0000000000
161732  -42.827  -81.725  -11.568 0.0000000000
161730  -42.255  -82.616  -11.710 0.0000000000
49628  -29.846  -82.257  -12.643 0.0000000000
71841  -41.188  -83.836  -12.650 0.0000000000
49626  -28.927  -82.734  -13.055 0.0000000000
32701  -40.551  -84.414  -13.150 0.0000000000
2899  -39.178  -85.426  -14.148 0.0000000000
148976  -31.174  -80.002  -10.934 0.0000000000
71843  -41.896  -82.922  -12.527 0.0000000000
7400  -41.758  -83.184  -12.205 0.0000000000
35998  -31.923  -78.898  -10.921 0.0000000000
79784  -32.646  -77.811  -11.226 0.0000000000
114188  -43.309  -77.438  -11.371 0.0000000000
79787  -32.611  -76.694  -11.757 0.0000000000
114190  -42.828  -77.325  -11.447 0.0000000000
148982  -33.028  -75.454  -12.924 0.0000000000
98935  -32.614  -74.526  -13.760 0.0000000000
98936  -33.135  -73.762  -14.447 0.0000000000
98937  -33.037  -73.132  -14.717 0.0000000000
14006  -33.737  -72.302  -15.141 0.0000000000
130790  -34.542  -71.538  -15.497 0.0000000000
115990  -35.353  -71.532  -15.786 0.0000000000
90476  -42.021  -77.609  -11.991 0.0000000000
90477  -42.123  -78.297  -12.467 0.0000000000
79802  -37.887  -71.148  -16.681 0.0000000000
23379  -37.086  -70.629  -16.489 0.0000000000
161833  -41.009  -77.251  -12.534 0.0000000000
90480  -41.358  -77.654  -12.544 0.0000000000
79803  -38.785  -70.875  -16.919 0.0000000000
107786  -39.645  -70.716  -17.141 0.0000000000
161868  -40.177  -72.740  -12.648 0.0000000000
40304  -40.387  -72.205  -12.970 0.0000000000
90516  -40.571  -71.671  -13.295 0.0000000000
49641  -40.888  -70.734  -17.140 0.0000000000
90487  -40.653  -76.780  -12.467 0.0000000000
90488  -40.310  -76.265  -12.414 0.0000000000
114198  -39.990  -74.988  -11.977 0.0000000000
22484  -39.903  -74.420  -12.042 0.0000000000
10023  -40.784  -71.199  -13.669 0.0000000000
114216  -40.954  -70.679  -14.043 0.0000000000
40307  -41.314  -71.063  -15.673 0.0000000000
122876  -41.093  -71.119  -16.704 0.0000000000
49639  -40.614  -71.432  -16.920 0.0000000000
90490  -40.071  -75.721  -12.360 0.0000000000
161876  -41.145  -71.571  -15.307 0.0000000000
90522  -41.268  -70.619  -15.037 0.0000000000
161878  -41.202  -71.444  -16.090 0.0000000000
66420  -30.430  -86.125  -16.568 0.0000000000
30228  -30.470  -86.633  -16.431 0.0000000000
66416  -31.726  -87.551  -16.301 0.0000000000
66412  -32.774  -87.889  -16.362 0.0000000000
132516  -29.561  -86.300  -16.516 0.0000000000
132512  -31.546  -87.042  -16.409 0.0000000000
30224  -34.565  -87.913  -15.991 0.0000000000
132518  -29.653  -85.233  -16.165 0.0000000000
66408  -35.419  -87.605  -15.664 0.0000000000
95441  -28.963  -84.371  -15.154 0.0000000000
116621  -36.850  -86.978  -14.869 0.0000000000
23650  -36.147  -87.292  -15.270 0.0000000000
59224  -28.008  -84.371  -15.070 0.0000000000
23649  -37.638  -86.645  -14.426 0.0000000000
116622  -36.829  -86.624  -15.209 0.0000000000
32700  -39.077  -86.007  -13.369 0.0000000000
139323  -39.828  -85.541  -12.851 0.0000000000
59226  -28.102  -84.021  -14.627 0.0000000000
54774  -38.420  -86.048  -14.345 0.0000000000
139321  -38.342  -86.328  -13.945 0.0000000000
161729  -42.018  -82.930  -11.321 0.0000000000
16268  -41.397  -83.799  -11.448 0.0000000000
103009  -40.915  -84.383  -11.893 0.0000000000
103010  -41.614  -83.454  -11.844 0.0000000000
71840  -40.453  -84.722  -12.766 0.0000000000
71839  -41.046  -84.095  -12.298 0.0000000000
122854  -28.458  -83.398  -13.893 0.0000000000
139324  -39.875  -85.275  -13.213 0.0000000000
53174  -43.685  -78.617  -10.207 0.0000000000
114146  -43.660  -79.255  -10.642 0.0000000000
10007  -42.986  -80.935  -10.365 0.0000000000
114144  -43.197  -80.568  -10.658 0.0000000000
90400  -42.882  -81.477  -10.809 0.0000000000
90399  -42.389  -82.356  -10.855 0.0000000000
40258  -42.608  -82.042  -11.229 0.0000000000
49627  -29.111  -82.427  -12.579 0.0000000000
22455  -43.787  -78.311  -10.343 0.0000000000
148977  -31.300  -79.364  -10.795 0.0000000000
79763  -30.491  -80.430  -10.863 0.0000000000
8576  -30.342  -80.960  -11.242 0.0000000000
79759  -29.462  -81.707  -11.599 0.0000000000
107761  -29.269  -82.119  -12.106 0.0000000000
18906  -28.064  -82.859  -13.035 0.0000000000
161810  -43.881  -78.000  -10.395 0.0000000000
40285  -44.035  -77.598  -10.494 0.0000000000
79785  -31.990  -78.269  -10.939 0.0000000000
35999  -32.005  -77.625  -11.122 0.0000000000
148981  -32.539  -76.199  -12.130 0.0000000000
65049  -32.418  -75.728  -12.529 0.0000000000
130784  -31.906  -74.715  -13.449 0.0000000000
14005  -32.343  -73.960  -14.190 0.0000000000
130791  -33.756  -71.641  -15.216 0.0000000000
23380  -35.365  -70.812  -15.835 0.0000000000
115991  -36.206  -70.781  -16.131 0.0000000000
107787  -40.476  -70.379  -17.329 0.0000000000
148999  -37.985  -70.483  -16.786 0.0000000000
36006  -38.938  -70.201  -17.018 0.0000000000
149001  -39.807  -70.012  -17.227 0.0000000000
40292  -40.854  -76.559  -12.073 0.0000000000
114199  -39.938  -74.261  -11.646 0.0000000000
114200  -39.907  -73.651  -11.733 0.0000000000
161865  -40.098  -72.443  -12.190 0.0000000000
161867  -40.265  -71.854  -12.452 0.0000000000
49642  -41.113  -70.057  -17.335 0.0000000000
18922  -40.653  -69.671  -17.470 0.0000000000
107788  -41.257  -69.391  -17.530 0.0000000000
90486  -40.509  -76.091  -12.023 0.0000000000
10019  -40.185  -75.567  -11.979 0.0000000000
114197  -40.101  -74.856  -11.612 0.0000000000
90514  -40.613  -70.709  -13.118 0.0000000000
114215  -40.781  -70.130  -13.436 0.0000000000
2000  -41.341  -70.477  -16.954 0.0000000000
22494  -41.096  -70.115  -14.408 0.0000000000
90525  -41.615  -69.591  -15.655 0.0000000000
161879  -41.382  -70.861  -16.356 0.0000000000
90521  -41.262  -69.630  -14.686 0.0000000000
10024  -41.484  -69.133  -15.013 0.0000000000
829  -35.372  -72.149  -15.675 0.0000000000
983  -40.214  -78.414  -13.515 0.0000000000
4388  -40.462  -72.900  -15.922 0.0000000000
6099  -32.867  -75.031  -13.320 0.0000000000
6372  -32.668  -87.410  -16.459 0.0000000000
6373  -32.240  -85.215  -16.349 0.0000000000
12063  -28.839  -84.800  -15.647 0.0000000000
14004  -33.856  -73.667  -14.700 0.0000000000
14457  -35.897  -85.493  -16.071 0.0000000000
14467  -38.959  -77.898  -13.755 0.0000000000
14468  -39.824  -77.373  -13.383 0.0000000000
23655  -38.766  -82.553  -14.646 0.0000000000
23656  -39.992  -80.945  -13.923 0.0000000000
23657  -40.763  -79.272  -13.584 0.0000000000
26328  -37.781  -74.659  -15.587 0.0000000000
30232  -33.877  -82.729  -14.944 0.0000000000
35997  -31.739  -80.145  -11.306 0.0000000000
40289  -41.762  -78.658  -12.954 0.0000000000
40290  -41.079  -77.927  -12.950 0.0000000000
41300  -40.756  -83.327  -13.941 0.0000000000
42788  -39.999  -74.156  -14.796 0.0000000000
45187  -39.547  -78.213  -13.539 0.0000000000
49632  -35.510  -76.314  -13.165 0.0000000000
54775  -37.635  -86.331  -14.838 0.0000000000
54777  -39.127  -84.228  -14.837 0.0000000000
54783  -38.886  -83.168  -14.758 0.0000000000
54785  -40.241  -81.356  -14.009 0.0000000000
54787  -40.429  -80.113  -13.732 0.0000000000
59227  -28.277  -83.709  -14.230 0.0000000000
59237  -37.204  -75.061  -14.968 0.0000000000
59241  -39.934  -73.254  -16.214 0.0000000000
59242  -40.128  -72.705  -16.447 0.0000000000
65051  -32.191  -75.219  -12.987 0.0000000000
66417  -32.298  -85.755  -16.448 0.0000000000
66423  -32.318  -84.703  -16.161 0.0000000000
66424  -34.586  -83.129  -15.175 0.0000000000
66433  -37.556  -80.655  -14.349 0.0000000000
66435  -36.808  -80.429  -14.308 0.0000000000
66441  -39.270  -76.572  -13.766 0.0000000000
79786  -32.652  -77.223  -11.458 0.0000000000
79796  -37.507  -73.963  -15.951 0.0000000000
90401  -43.621  -79.822  -11.120 0.0000000000
90402  -43.279  -80.770  -11.366 0.0000000000
90405  -43.603  -80.099  -11.751 0.0000000000
90494  -39.884  -74.310  -13.107 0.0000000000
90520  -40.936  -71.585  -14.232 0.0000000000
90523  -41.464  -70.085  -15.381 0.0000000000
90524  -41.478  -70.523  -15.903 0.0000000000
92774  -39.768  -82.852  -14.500 0.0000000000
92776  -41.282  -81.295  -13.786 0.0000000000
95443  -37.810  -76.901  -14.279 0.0000000000
98934  -33.280  -74.350  -14.086 0.0000000000
99751  -35.190  -86.180  -16.328 0.0000000000
99756  -33.250  -85.486  -16.406 0.0000000000
107762  -30.167  -81.446  -11.692 0.0000000000
107771  -34.311  -77.984  -12.101 0.0000000000
107778  -34.465  -75.753  -12.934 0.0000000000
114147  -43.788  -78.906  -10.798 0.0000000000
114189  -42.958  -78.032  -11.873 0.0000000000
114201  -39.961  -73.046  -11.915 0.0000000000
116628  -36.569  -84.821  -15.706 0.0000000000
116630  -36.327  -83.777  -15.370 0.0000000000
116632  -37.936  -82.762  -14.925 0.0000000000
122855  -29.544  -83.001  -13.613 0.0000000000
122864  -36.047  -76.541  -13.479 0.0000000000
122869  -37.297  -74.696  -15.301 0.0000000000
122875  -40.352  -72.084  -16.659 0.0000000000
132522  -33.152  -83.913  -15.693 0.0000000000
132531  -37.606  -81.171  -14.420 0.0000000000
132533  -36.114  -81.652  -14.705 0.0000000000
132536  -36.009  -80.260  -14.014 0.0000000000
132542  -38.403  -77.203  -14.125 0.0000000000
139325  -39.883  -84.981  -13.568 0.0000000000
139327  -41.435  -83.194  -13.194 0.0000000000
148954  -29.843  -84.366  -15.224 0.0000000000
148971  -30.696  -81.572  -12.244 0.0000000000
148980  -31.979  -77.063  -11.405 0.0000000000
161733  -42.412  -82.337  -12.024 0.0000000000
161815  -43.650  -79.656  -11.931 0.0000000000
161818  -42.682  -80.324  -13.150 0.0000000000
161821  -42.545  -78.539  -12.414 0.0000000000
161826  -40.720  -78.161  -13.279 0.0000000000
161832  -41.216  -76.970  -12.113 0.0000000000
161835  -40.440  -77.702  -13.215 0.0000000000
161874  -40.824  -72.497  -15.464 0.0000000000
