#!ascii label  , from subject fsaverage vox2ras=TkReg
1361
1996  40.605  -84.786  -8.082 0.0000000000
122837  41.051  -84.902  -9.183 0.0000000000
107738  41.243  -83.497  -6.607 0.0000000000
49615  41.192  -84.000  -7.302 0.0000000000
49616  41.175  -84.283  -7.942 0.0000000000
122836  41.119  -84.600  -8.573 0.0000000000
26314  41.594  -84.294  -9.052 0.0000000000
122839  41.989  -84.281  -10.138 0.0000000000
122841  41.904  -84.565  -10.809 0.0000000000
59218  41.748  -84.905  -11.427 0.0000000000
148897  40.372  -83.392  -3.361 0.0000000000
35972  40.634  -82.736  -3.845 0.0000000000
79719  40.570  -82.833  -4.527 0.0000000000
8570  40.581  -83.107  -5.344 0.0000000000
79721  41.064  -82.563  -5.091 0.0000000000
107737  41.143  -83.002  -5.863 0.0000000000
107739  41.798  -83.390  -7.100 0.0000000000
18896  41.747  -83.736  -7.777 0.0000000000
148908  41.674  -84.026  -8.423 0.0000000000
4380  42.512  -83.545  -9.925 0.0000000000
79727  42.053  -83.942  -9.504 0.0000000000
122842  42.433  -83.850  -10.640 0.0000000000
26316  42.292  -84.154  -11.260 0.0000000000
59219  42.104  -84.404  -11.856 0.0000000000
59217  41.532  -85.092  -12.020 0.0000000000
95437  41.191  -85.180  -12.544 0.0000000000
148899  41.058  -82.271  -3.706 0.0000000000
148900  41.432  -81.868  -4.202 0.0000000000
79720  41.022  -82.336  -4.353 0.0000000000
35973  41.464  -82.049  -4.889 0.0000000000
148902  41.578  -82.399  -5.651 0.0000000000
18895  41.671  -82.890  -6.368 0.0000000000
107740  42.279  -83.128  -7.567 0.0000000000
148910  42.710  -82.784  -7.993 0.0000000000
148909  42.232  -83.417  -8.231 0.0000000000
107743  43.450  -82.466  -10.017 0.0000000000
107742  43.023  -82.917  -9.667 0.0000000000
79729  42.567  -83.324  -9.284 0.0000000000
79728  42.104  -83.693  -8.874 0.0000000000
18897  43.341  -82.669  -10.689 0.0000000000
122843  42.849  -83.389  -11.013 0.0000000000
59220  42.675  -83.665  -11.617 0.0000000000
59221  42.329  -83.832  -12.162 0.0000000000
4381  41.776  -84.498  -12.350 0.0000000000
42769  41.831  -82.987  -2.146 0.0000000000
42773  41.504  -82.370  -3.027 0.0000000000
12053  41.611  -81.831  -3.458 0.0000000000
148901  41.868  -81.595  -4.698 0.0000000000
148903  41.943  -81.862  -5.458 0.0000000000
79724  42.572  -82.110  -6.697 0.0000000000
79723  42.072  -82.289  -6.195 0.0000000000
49618  43.845  -81.957  -10.328 0.0000000000
107744  43.954  -81.741  -9.738 0.0000000000
18898  43.589  -82.239  -9.418 0.0000000000
148912  43.134  -82.380  -8.411 0.0000000000
148911  43.149  -82.692  -9.048 0.0000000000
49617  43.663  -82.155  -10.990 0.0000000000
122845  43.450  -82.365  -11.602 0.0000000000
122847  43.119  -82.520  -12.079 0.0000000000
59222  42.562  -83.203  -12.366 0.0000000000
59223  41.995  -83.882  -12.608 0.0000000000
122850  41.514  -83.880  -12.970 0.0000000000
59224  40.395  -84.566  -13.331 0.0000000000
132486  42.206  -83.536  -1.145 0.0000000000
12049  42.326  -83.003  -1.457 0.0000000000
42770  42.457  -82.472  -1.741 0.0000000000
12051  42.464  -82.002  -2.109 0.0000000000
42771  41.951  -82.440  -2.402 0.0000000000
42772  42.043  -81.945  -2.765 0.0000000000
95423  41.976  -81.493  -3.949 0.0000000000
148904  42.347  -81.380  -5.205 0.0000000000
35974  42.421  -81.716  -6.008 0.0000000000
79726  43.089  -81.762  -7.122 0.0000000000
35977  43.554  -81.652  -8.181 0.0000000000
148913  43.135  -82.079  -7.770 0.0000000000
49619  44.066  -81.463  -10.598 0.0000000000
18899  44.237  -81.219  -10.014 0.0000000000
79730  43.967  -81.507  -9.166 0.0000000000
79731  43.626  -81.974  -8.814 0.0000000000
1997  43.915  -81.606  -11.257 0.0000000000
107768  34.739  -82.434  -13.081 0.0000000000
122846  43.660  -81.765  -11.772 0.0000000000
122848  42.768  -82.546  -12.493 0.0000000000
148965  35.915  -82.815  -13.081 0.0000000000
122849  42.343  -82.555  -12.805 0.0000000000
26319  42.188  -83.215  -12.812 0.0000000000
35994  35.642  -83.525  -13.349 0.0000000000
122851  41.696  -83.191  -13.010 0.0000000000
59225  41.027  -83.895  -13.188 0.0000000000
8577  37.132  -83.935  -13.317 0.0000000000
59226  40.486  -83.839  -13.305 0.0000000000
59228  39.925  -83.771  -13.357 0.0000000000
4383  39.798  -84.495  -13.460 0.0000000000
132485  42.673  -83.434  -0.442 0.0000000000
4369  43.331  -82.917  -0.174 0.0000000000
95415  42.786  -82.969  -0.816 0.0000000000
95417  42.904  -82.468  -1.165 0.0000000000
95418  43.006  -81.999  -1.514 0.0000000000
95421  42.599  -81.578  -2.504 0.0000000000
95422  42.215  -81.517  -3.184 0.0000000000
4373  42.382  -81.208  -4.415 0.0000000000
59198  42.824  -80.948  -4.893 0.0000000000
148905  42.869  -81.149  -5.702 0.0000000000
148906  43.323  -80.860  -6.134 0.0000000000
148915  43.739  -80.643  -7.204 0.0000000000
35975  43.394  -81.072  -6.856 0.0000000000
107747  44.449  -80.430  -9.704 0.0000000000
107746  44.382  -80.194  -9.120 0.0000000000
79734  44.063  -80.445  -8.234 0.0000000000
79733  43.819  -80.879  -7.889 0.0000000000
148914  43.495  -81.318  -7.515 0.0000000000
49620  44.418  -80.691  -10.298 0.0000000000
107745  44.233  -80.989  -9.466 0.0000000000
8572  44.181  -80.733  -8.886 0.0000000000
79732  43.930  -81.225  -8.583 0.0000000000
49621  44.238  -80.949  -10.865 0.0000000000
26326  33.958  -81.428  -12.517 0.0000000000
49623  44.105  -81.055  -11.450 0.0000000000
107770  35.673  -81.857  -12.828 0.0000000000
18912  35.054  -81.669  -12.753 0.0000000000
122864  34.033  -82.260  -13.010 0.0000000000
26318  43.327  -81.855  -12.219 0.0000000000
79749  42.962  -81.857  -12.584 0.0000000000
107769  35.366  -82.641  -13.104 0.0000000000
148966  36.635  -82.974  -13.103 0.0000000000
122852  41.870  -82.488  -12.978 0.0000000000
26320  41.194  -83.129  -13.161 0.0000000000
79771  38.048  -83.394  -13.172 0.0000000000
59227  40.632  -83.072  -13.216 0.0000000000
148959  39.329  -83.678  -13.347 0.0000000000
35992  38.466  -84.298  -13.473 0.0000000000
148958  39.176  -84.406  -13.511 0.0000000000
30216  42.735  -83.696  0.638 0.0000000000
66393  42.350  -83.874  1.129 0.0000000000
132482  43.066  -83.345  0.214 0.0000000000
12050  43.470  -81.990  -0.976 0.0000000000
95419  43.095  -81.595  -1.887 0.0000000000
95420  43.152  -81.177  -2.279 0.0000000000
59195  42.995  -80.848  -3.429 0.0000000000
12052  42.765  -81.189  -2.930 0.0000000000
59197  43.211  -80.548  -4.612 0.0000000000
26303  43.256  -80.658  -5.369 0.0000000000
148907  43.635  -80.524  -6.519 0.0000000000
107748  44.619  -79.893  -9.959 0.0000000000
79736  44.280  -79.962  -8.465 0.0000000000
35978  43.937  -80.227  -7.549 0.0000000000
18901  44.635  -80.101  -10.563 0.0000000000
49622  44.496  -80.319  -11.112 0.0000000000
122865  34.447  -81.512  -12.715 0.0000000000
18903  44.327  -80.403  -11.616 0.0000000000
148935  43.869  -81.146  -11.926 0.0000000000
79750  43.558  -81.182  -12.351 0.0000000000
79751  43.155  -81.133  -12.623 0.0000000000
35995  37.541  -82.344  -12.909 0.0000000000
79776  36.853  -82.181  -12.810 0.0000000000
107754  42.034  -81.734  -12.923 0.0000000000
148968  38.254  -82.503  -12.977 0.0000000000
122853  41.356  -82.389  -13.046 0.0000000000
26321  40.092  -83.000  -13.227 0.0000000000
148960  39.551  -82.889  -13.162 0.0000000000
35993  38.928  -82.773  -13.083 0.0000000000
132481  43.387  -83.199  0.844 0.0000000000
66392  42.971  -83.455  1.355 0.0000000000
6367  41.824  -83.855  1.550 0.0000000000
14450  40.793  -83.595  2.092 0.0000000000
59184  43.710  -82.845  0.393 0.0000000000
59186  43.920  -82.417  -0.031 0.0000000000
122798  43.956  -81.927  -0.417 0.0000000000
59188  44.053  -81.476  -0.844 0.0000000000
59187  43.555  -81.563  -1.364 0.0000000000
4371  43.645  -81.095  -1.702 0.0000000000
122808  43.256  -80.773  -2.727 0.0000000000
122809  43.408  -80.385  -3.201 0.0000000000
26302  43.276  -80.467  -3.912 0.0000000000
122812  43.462  -80.245  -5.060 0.0000000000
49594  43.593  -79.887  -5.433 0.0000000000
49598  43.729  -79.586  -6.526 0.0000000000
107749  44.773  -79.311  -10.173 0.0000000000
18900  44.532  -79.647  -9.340 0.0000000000
148920  44.378  -79.491  -8.697 0.0000000000
35979  44.189  -79.370  -8.053 0.0000000000
148917  43.908  -79.700  -7.168 0.0000000000
107751  44.801  -79.490  -10.734 0.0000000000
107752  44.682  -79.629  -11.231 0.0000000000
49632  35.411  -80.927  -12.382 0.0000000000
79775  37.145  -81.399  -12.573 0.0000000000
107771  36.606  -81.278  -12.596 0.0000000000
148936  44.093  -80.472  -12.052 0.0000000000
35985  43.777  -80.412  -12.346 0.0000000000
79777  37.801  -81.486  -12.628 0.0000000000
148938  43.340  -80.350  -12.604 0.0000000000
107755  42.754  -81.063  -12.798 0.0000000000
148961  39.792  -82.030  -13.004 0.0000000000
148969  39.142  -81.938  -12.946 0.0000000000
18904  41.538  -81.594  -12.958 0.0000000000
122854  40.834  -82.256  -13.110 0.0000000000
122855  40.339  -82.198  -13.062 0.0000000000
66390  42.630  -83.090  2.423 0.0000000000
30214  42.164  -82.961  2.767 0.0000000000
132480  43.649  -82.923  1.617 0.0000000000
30215  43.154  -83.083  2.044 0.0000000000
66389  41.972  -83.394  2.159 0.0000000000
26295  44.033  -82.670  1.050 0.0000000000
59189  44.123  -81.027  -1.212 0.0000000000
59192  44.058  -80.150  -1.948 0.0000000000
59193  43.641  -80.683  -2.110 0.0000000000
122810  43.559  -80.038  -3.678 0.0000000000
18874  43.547  -79.764  -4.761 0.0000000000
49595  43.473  -79.359  -5.136 0.0000000000
49597  43.564  -79.099  -6.148 0.0000000000
107708  43.841  -78.801  -6.989 0.0000000000
107707  43.533  -78.724  -6.415 0.0000000000
148929  44.924  -78.145  -10.360 0.0000000000
8573  44.787  -78.549  -9.739 0.0000000000
79738  44.470  -79.004  -8.930 0.0000000000
148919  44.087  -78.843  -7.647 0.0000000000
18878  43.803  -79.187  -6.749 0.0000000000
18902  44.877  -78.848  -10.797 0.0000000000
8574  44.657  -79.045  -11.586 0.0000000000
148937  44.261  -79.757  -12.035 0.0000000000
18914  36.866  -80.496  -12.359 0.0000000000
35996  39.398  -81.036  -12.755 0.0000000000
79779  38.745  -80.815  -12.518 0.0000000000
18905  42.939  -80.249  -12.737 0.0000000000
107756  42.248  -80.905  -12.887 0.0000000000
49626  41.286  -80.598  -12.945 0.0000000000
148970  40.043  -81.173  -12.894 0.0000000000
79778  38.495  -81.647  -12.739 0.0000000000
49624  41.054  -81.403  -13.008 0.0000000000
132478  43.295  -82.661  2.655 0.0000000000
132479  43.777  -82.561  2.279 0.0000000000
132474  40.996  -83.014  2.589 0.0000000000
122795  44.597  -82.055  1.290 0.0000000000
122796  44.756  -81.605  0.816 0.0000000000
59185  44.284  -82.234  0.585 0.0000000000
122800  44.968  -80.786  -0.104 0.0000000000
122799  44.524  -81.341  -0.337 0.0000000000
59190  44.559  -80.495  -1.010 0.0000000000
26298  44.594  -80.892  -0.685 0.0000000000
26299  44.475  -80.081  -1.341 0.0000000000
122806  43.970  -79.758  -2.335 0.0000000000
122807  43.708  -79.877  -2.984 0.0000000000
79659  43.823  -79.401  -2.685 0.0000000000
107700  43.573  -79.652  -4.066 0.0000000000
107703  43.297  -78.881  -4.740 0.0000000000
18876  43.379  -79.001  -5.483 0.0000000000
107704  43.118  -78.507  -5.123 0.0000000000
107706  43.283  -78.633  -5.818 0.0000000000
79673  43.828  -77.945  -7.508 0.0000000000
8564  43.829  -78.405  -7.262 0.0000000000
79669  43.512  -78.333  -6.684 0.0000000000
79743  44.862  -78.022  -9.820 0.0000000000
79739  44.661  -78.467  -9.136 0.0000000000
148922  44.117  -78.420  -7.876 0.0000000000
79745  44.900  -78.226  -10.810 0.0000000000
49634  36.228  -80.358  -12.264 0.0000000000
1999  35.695  -80.221  -12.130 0.0000000000
148940  44.349  -79.003  -11.979 0.0000000000
79781  38.922  -80.058  -12.484 0.0000000000
8578  38.050  -80.717  -12.421 0.0000000000
107772  37.454  -80.620  -12.391 0.0000000000
35986  44.062  -78.900  -12.276 0.0000000000
79753  43.538  -79.526  -12.517 0.0000000000
148971  40.230  -80.363  -12.805 0.0000000000
79752  43.095  -79.427  -12.701 0.0000000000
107757  42.437  -80.117  -12.845 0.0000000000
18906  41.962  -79.983  -12.868 0.0000000000
49628  40.819  -80.455  -12.892 0.0000000000
132477  42.896  -82.590  3.013 0.0000000000
132476  42.458  -82.456  3.264 0.0000000000
132475  41.710  -82.734  2.966 0.0000000000
30213  41.258  -82.464  3.096 0.0000000000
26296  45.052  -81.390  1.553 0.0000000000
79637  45.194  -80.974  1.071 0.0000000000
122797  44.873  -81.196  0.341 0.0000000000
107687  45.230  -80.211  0.200 0.0000000000
18867  45.114  -79.833  -0.142 0.0000000000
122801  44.929  -80.379  -0.450 0.0000000000
122803  44.566  -79.536  -1.058 0.0000000000
122805  44.286  -79.655  -1.718 0.0000000000
26300  44.043  -79.265  -2.035 0.0000000000
107701  43.480  -79.177  -3.695 0.0000000000
18875  43.210  -78.832  -4.038 0.0000000000
107705  42.944  -78.154  -5.466 0.0000000000
18877  43.216  -78.245  -6.133 0.0000000000
148924  44.289  -77.298  -8.243 0.0000000000
148923  44.211  -77.901  -8.078 0.0000000000
79671  43.481  -77.915  -6.971 0.0000000000
35983  44.872  -77.635  -10.800 0.0000000000
148930  44.943  -77.548  -10.338 0.0000000000
79740  44.567  -77.938  -8.699 0.0000000000
79746  44.761  -78.321  -11.218 0.0000000000
79748  44.610  -78.325  -11.612 0.0000000000
49635  37.103  -79.713  -12.253 0.0000000000
148941  44.356  -78.259  -11.951 0.0000000000
148972  40.360  -79.602  -12.800 0.0000000000
107773  38.279  -79.934  -12.388 0.0000000000
79754  43.626  -78.760  -12.542 0.0000000000
107760  42.098  -79.221  -12.871 0.0000000000
49627  41.470  -79.841  -12.889 0.0000000000
18908  40.935  -79.736  -12.855 0.0000000000
79780  39.589  -80.182  -12.652 0.0000000000
107758  42.599  -79.344  -12.806 0.0000000000
79638  45.594  -80.683  1.813 0.0000000000
79639  45.633  -80.293  1.338 0.0000000000
107688  45.569  -79.948  0.902 0.0000000000
122804  44.282  -79.132  -1.359 0.0000000000
148827  43.902  -78.727  -1.669 0.0000000000
79660  43.712  -78.889  -2.359 0.0000000000
35949  43.346  -78.548  -2.697 0.0000000000
79663  42.857  -78.395  -3.668 0.0000000000
8563  42.688  -78.138  -4.707 0.0000000000
148839  42.831  -77.756  -5.788 0.0000000000
79672  43.400  -77.433  -7.249 0.0000000000
35953  43.017  -77.390  -6.714 0.0000000000
79747  44.688  -77.655  -11.230 0.0000000000
35982  44.920  -77.479  -9.848 0.0000000000
35981  44.603  -77.329  -8.847 0.0000000000
35984  44.536  -77.623  -11.668 0.0000000000
79755  44.023  -78.153  -12.309 0.0000000000
18907  42.198  -78.464  -12.916 0.0000000000
79759  41.735  -78.401  -12.940 0.0000000000
148973  40.479  -78.890  -12.866 0.0000000000
148974  39.051  -79.294  -12.583 0.0000000000
107774  37.683  -79.813  -12.360 0.0000000000
79756  43.658  -78.017  -12.612 0.0000000000
107759  42.675  -78.553  -12.850 0.0000000000
107761  41.617  -79.099  -12.874 0.0000000000
8575  43.198  -78.647  -12.726 0.0000000000
18868  45.804  -79.291  1.100 0.0000000000
107689  45.409  -79.597  0.541 0.0000000000
49588  45.190  -79.213  0.220 0.0000000000
49589  44.800  -78.823  -0.076 0.0000000000
1993  44.503  -78.997  -0.698 0.0000000000
49587  44.847  -79.403  -0.423 0.0000000000
148828  43.511  -78.361  -1.992 0.0000000000
148831  42.949  -78.241  -2.971 0.0000000000
79664  42.492  -78.036  -3.971 0.0000000000
35952  42.365  -77.270  -5.395 0.0000000000
148843  43.410  -76.799  -7.446 0.0000000000
148842  43.013  -76.850  -6.985 0.0000000000
148840  42.700  -77.313  -6.059 0.0000000000
148932  44.785  -76.999  -10.839 0.0000000000
148931  44.961  -76.887  -10.356 0.0000000000
148927  44.875  -76.808  -9.343 0.0000000000
148925  44.359  -76.666  -8.299 0.0000000000
35987  44.059  -77.455  -12.407 0.0000000000
107775  37.859  -79.040  -12.428 0.0000000000
18916  37.323  -78.931  -12.280 0.0000000000
79757  43.703  -77.337  -12.730 0.0000000000
79760  42.270  -77.772  -13.040 0.0000000000
8576  41.216  -78.333  -13.012 0.0000000000
148976  40.585  -78.236  -13.079 0.0000000000
148975  39.806  -78.779  -12.852 0.0000000000
18915  38.459  -79.121  -12.506 0.0000000000
79758  43.211  -77.898  -12.828 0.0000000000
148947  42.733  -77.815  -12.968 0.0000000000
36005  35.891  -76.084  -12.770 0.0000000000
148998  36.103  -75.535  -13.019 0.0000000000
115989  36.601  -75.121  -13.488 0.0000000000
18872  43.244  -77.039  -0.603 0.0000000000
79655  42.818  -76.722  -0.984 0.0000000000
18869  45.128  -78.550  0.442 0.0000000000
49591  44.359  -78.422  -0.351 0.0000000000
107698  43.447  -77.658  -0.918 0.0000000000
35947  42.416  -76.400  -1.315 0.0000000000
49593  44.100  -78.597  -0.967 0.0000000000
18873  43.700  -78.193  -1.269 0.0000000000
8562  42.871  -77.543  -1.946 0.0000000000
79657  42.157  -76.678  -1.890 0.0000000000
46449  41.646  -75.907  -2.652 0.0000000000
148829  43.095  -78.041  -2.341 0.0000000000
148833  42.281  -77.397  -2.929 0.0000000000
148826  41.749  -76.489  -2.905 0.0000000000
1404  41.601  -76.090  -3.278 0.0000000000
35950  42.545  -77.907  -3.274 0.0000000000
35951  41.898  -77.121  -3.915 0.0000000000
118404  41.620  -76.133  -3.867 0.0000000000
56049  42.091  -76.234  -5.267 0.0000000000
24414  41.796  -76.241  -4.550 0.0000000000
48249  44.754  -76.228  -11.467 0.0000000000
41724  43.489  -76.117  -7.575 0.0000000000
11004  43.101  -76.163  -7.166 0.0000000000
148841  42.661  -76.799  -6.367 0.0000000000
148933  44.676  -76.977  -11.320 0.0000000000
105279  44.909  -76.220  -10.477 0.0000000000
75624  44.865  -76.138  -9.435 0.0000000000
143949  44.381  -76.068  -8.369 0.0000000000
148934  44.530  -76.923  -11.766 0.0000000000
148943  44.403  -76.847  -12.167 0.0000000000
148944  44.182  -76.733  -12.553 0.0000000000
79782  38.573  -78.452  -12.706 0.0000000000
107776  38.009  -78.319  -12.602 0.0000000000
49637  36.764  -78.906  -12.152 0.0000000000
148945  43.831  -76.647  -12.951 0.0000000000
148948  42.804  -77.109  -13.143 0.0000000000
79763  41.339  -77.633  -13.228 0.0000000000
148977  40.759  -77.577  -13.336 0.0000000000
79784  39.385  -77.878  -13.035 0.0000000000
35988  43.286  -77.203  -12.989 0.0000000000
36004  35.634  -77.164  -12.156 0.0000000000
148996  36.244  -76.210  -12.993 0.0000000000
79800  35.757  -76.602  -12.462 0.0000000000
829  36.939  -75.229  -13.704 0.0000000000
148997  36.363  -75.707  -13.277 0.0000000000
148821  43.032  -76.518  -0.531 0.0000000000
148823  42.302  -75.862  -1.199 0.0000000000
15729  41.793  -75.718  -2.089 0.0000000000
148825  41.840  -76.304  -2.267 0.0000000000
46450  41.566  -75.183  -2.422 0.0000000000
46451  41.515  -75.339  -2.962 0.0000000000
137345  41.432  -74.557  -3.194 0.0000000000
118405  41.492  -75.401  -3.529 0.0000000000
24415  41.480  -74.609  -3.774 0.0000000000
56051  42.106  -75.474  -5.544 0.0000000000
56050  41.738  -75.556  -4.793 0.0000000000
87  44.040  -76.068  -7.930 0.0000000000
41725  43.177  -75.388  -7.246 0.0000000000
93535  42.431  -75.432  -6.237 0.0000000000
1779  44.691  -76.197  -11.922 0.0000000000
17529  44.822  -76.261  -10.963 0.0000000000
7989  44.900  -76.225  -9.984 0.0000000000
34299  44.652  -76.112  -8.877 0.0000000000
143950  44.060  -75.312  -7.978 0.0000000000
41726  43.595  -75.338  -7.592 0.0000000000
120924  44.586  -76.131  -12.343 0.0000000000
25494  44.389  -76.053  -12.771 0.0000000000
8579  38.722  -77.808  -13.010 0.0000000000
107778  37.459  -78.250  -12.508 0.0000000000
107779  36.944  -78.203  -12.352 0.0000000000
148991  35.955  -77.921  -12.046 0.0000000000
3924  43.580  -75.908  -13.535 0.0000000000
148949  42.979  -76.458  -13.444 0.0000000000
148950  42.562  -76.432  -13.564 0.0000000000
35990  41.480  -77.034  -13.530 0.0000000000
148994  36.071  -77.274  -12.337 0.0000000000
79793  36.581  -76.831  -12.873 0.0000000000
148995  36.154  -76.732  -12.670 0.0000000000
148987  37.264  -76.096  -13.683 0.0000000000
36002  36.658  -76.363  -13.219 0.0000000000
44725  38.306  -74.837  -14.216 0.0000000000
44724  37.486  -75.470  -13.904 0.0000000000
148988  36.754  -75.827  -13.496 0.0000000000
70233  41.448  -73.656  -3.518 0.0000000000
118407  41.650  -74.614  -4.405 0.0000000000
70232  41.533  -73.693  -4.111 0.0000000000
24416  41.900  -74.690  -5.090 0.0000000000
93537  42.923  -74.602  -6.912 0.0000000000
11005  42.540  -74.612  -6.401 0.0000000000
56053  42.309  -73.761  -5.962 0.0000000000
120926  44.857  -75.305  -12.546 0.0000000000
105281  44.872  -75.450  -10.608 0.0000000000
75626  44.753  -75.389  -9.517 0.0000000000
143951  44.343  -75.369  -8.430 0.0000000000
162709  43.673  -74.505  -7.666 0.0000000000
11006  43.277  -74.595  -7.308 0.0000000000
57851  44.310  -75.184  -13.446 0.0000000000
57849  44.017  -75.974  -13.194 0.0000000000
107777  38.187  -77.692  -12.893 0.0000000000
107780  36.411  -78.081  -12.190 0.0000000000
8580  36.508  -77.426  -12.503 0.0000000000
94615  43.908  -75.119  -13.831 0.0000000000
94614  43.227  -75.820  -13.755 0.0000000000
148951  42.167  -76.364  -13.708 0.0000000000
148952  41.628  -76.419  -13.831 0.0000000000
148978  40.922  -76.977  -13.623 0.0000000000
79786  39.535  -77.300  -13.380 0.0000000000
79788  38.875  -77.191  -13.387 0.0000000000
79790  37.611  -77.130  -13.185 0.0000000000
79789  37.045  -77.565  -12.684 0.0000000000
148982  39.147  -76.297  -14.064 0.0000000000
148984  38.376  -76.751  -13.658 0.0000000000
79791  37.119  -77.031  -13.073 0.0000000000
130784  40.414  -74.339  -15.040 0.0000000000
65051  40.169  -75.143  -14.789 0.0000000000
98935  39.524  -75.106  -14.678 0.0000000000
98934  38.639  -75.792  -14.221 0.0000000000
148986  37.884  -76.220  -13.843 0.0000000000
79792  37.185  -76.562  -13.409 0.0000000000
65053  40.738  -73.460  -15.122 0.0000000000
14005  39.886  -74.165  -14.907 0.0000000000
98936  38.932  -74.944  -14.464 0.0000000000
14004  38.060  -75.650  -14.058 0.0000000000
65055  41.821  -71.816  -15.311 0.0000000000
65054  41.058  -72.583  -15.118 0.0000000000
65052  40.164  -73.366  -14.928 0.0000000000
98937  39.264  -74.055  -14.627 0.0000000000
98938  39.584  -73.221  -14.645 0.0000000000
118408  41.718  -73.750  -4.740 0.0000000000
3325  41.472  -72.783  -4.499 0.0000000000
118410  42.018  -73.797  -5.332 0.0000000000
25495  45.247  -74.532  -12.246 0.0000000000
17531  45.083  -74.594  -11.238 0.0000000000
105282  44.958  -74.610  -10.717 0.0000000000
56052  42.634  -73.746  -6.500 0.0000000000
48250  44.915  -75.432  -11.097 0.0000000000
17530  44.855  -74.624  -10.226 0.0000000000
34301  44.481  -74.659  -9.016 0.0000000000
34300  44.034  -74.571  -8.054 0.0000000000
93538  42.996  -73.742  -6.969 0.0000000000
94616  43.532  -75.042  -14.084 0.0000000000
42325  43.096  -75.013  -14.230 0.0000000000
42324  42.343  -75.779  -14.005 0.0000000000
349  41.777  -75.819  -14.124 0.0000000000
148979  41.057  -76.437  -13.946 0.0000000000
79787  39.674  -76.800  -13.740 0.0000000000
130781  41.355  -75.107  -14.571 0.0000000000
29589  40.574  -75.863  -14.317 0.0000000000
148981  39.823  -76.319  -14.082 0.0000000000
36000  38.994  -76.758  -13.743 0.0000000000
130783  41.890  -73.546  -15.206 0.0000000000
29591  40.995  -74.342  -14.994 0.0000000000
65050  40.774  -75.192  -14.652 0.0000000000
65049  39.969  -75.839  -14.431 0.0000000000
130786  42.166  -72.639  -15.522 0.0000000000
130785  41.305  -73.505  -15.216 0.0000000000
29592  41.580  -72.630  -15.338 0.0000000000
118412  41.833  -71.977  -5.285 0.0000000000
102044  41.568  -71.909  -4.794 0.0000000000
56054  42.410  -72.904  -6.125 0.0000000000
24417  42.049  -72.887  -5.569 0.0000000000
75632  45.673  -73.637  -12.460 0.0000000000
143961  45.353  -73.708  -11.374 0.0000000000
105283  45.191  -73.712  -10.817 0.0000000000
162711  43.112  -72.940  -7.050 0.0000000000
143954  44.675  -74.620  -9.605 0.0000000000
143953  44.332  -73.855  -8.603 0.0000000000
91218  43.758  -73.771  -7.750 0.0000000000
162710  43.429  -73.717  -7.379 0.0000000000
94617  43.803  -74.223  -14.352 0.0000000000
11606  43.380  -74.214  -14.600 0.0000000000
42326  42.553  -75.076  -14.373 0.0000000000
130779  41.193  -75.845  -14.234 0.0000000000
75647  42.505  -73.432  -15.177 0.0000000000
29590  42.207  -74.243  -14.828 0.0000000000
130782  41.555  -74.335  -14.906 0.0000000000
56056  42.572  -72.004  -6.232 0.0000000000
56055  42.155  -72.027  -5.760 0.0000000000
143962  45.486  -72.837  -10.917 0.0000000000
7991  45.223  -72.884  -10.358 0.0000000000
34302  44.636  -73.040  -9.257 0.0000000000
143956  44.374  -73.045  -8.767 0.0000000000
162714  42.922  -72.030  -6.663 0.0000000000
75633  45.547  -73.667  -11.905 0.0000000000
75628  44.764  -73.769  -9.725 0.0000000000
91219  43.861  -73.058  -7.848 0.0000000000
40585  43.508  -73.002  -7.439 0.0000000000
3326  42.735  -72.925  -6.582 0.0000000000
143955  44.558  -73.872  -9.107 0.0000000000
91217  44.056  -73.831  -8.158 0.0000000000
143978  42.764  -74.313  -14.740 0.0000000000
75648  43.106  -73.475  -15.091 0.0000000000
22727  44.460  -71.318  -8.470 0.0000000000
22728  43.860  -71.201  -7.579 0.0000000000
162715  42.838  -71.059  -6.391 0.0000000000
24418  42.399  -71.087  -5.946 0.0000000000
143965  45.458  -72.053  -10.399 0.0000000000
75630  44.724  -72.160  -9.391 0.0000000000
143957  44.504  -72.196  -8.897 0.0000000000
114636  43.981  -72.260  -7.948 0.0000000000
162712  43.645  -72.156  -7.491 0.0000000000
40586  43.187  -71.043  -6.815 0.0000000000
114635  44.262  -72.249  -8.426 0.0000000000
162713  43.244  -72.112  -7.087 0.0000000000
132487  41.755  -83.569  -1.821 0.0000000000
132483  42.142  -84.202  0.439 0.0000000000
132484  42.444  -83.878  -0.025 0.0000000000
99739  41.175  -84.304  1.312 0.0000000000
99737  40.135  -83.984  1.709 0.0000000000
148989  35.524  -79.424  -11.805 0.0000000000
49638  35.983  -79.527  -11.980 0.0000000000
79801  35.404  -76.517  -12.334 0.0000000000
8581  34.946  -76.906  -11.815 0.0000000000
18918  36.257  -78.830  -11.953 0.0000000000
15731  41.395  -74.500  -2.699 0.0000000000
148993  35.514  -77.799  -11.878 0.0000000000
6101  40.432  -72.549  -14.861 0.0000000000
120927  45.131  -74.534  -12.741 0.0000000000
25496  44.930  -74.432  -13.256 0.0000000000
57850  44.646  -75.254  -13.006 0.0000000000
3925  46.000  -72.823  -12.587 0.0000000000
120928  45.448  -73.669  -12.987 0.0000000000
11605  44.181  -74.316  -14.111 0.0000000000
6100  42.769  -72.614  -15.427 0.0000000000
29595  40.849  -71.002  -14.609 0.0000000000
75634  45.876  -72.793  -12.024 0.0000000000
94618  44.142  -73.451  -14.684 0.0000000000
143979  43.672  -73.471  -14.924 0.0000000000
75649  43.345  -72.588  -15.348 0.0000000000
34305  45.727  -71.166  -10.430 0.0000000000
143964  45.772  -71.987  -10.926 0.0000000000
66397  41.696  -84.159  -1.468 0.0000000000
66395  41.884  -84.572  -0.297 0.0000000000
30217  42.096  -84.081  -0.794 0.0000000000
79795  35.099  -79.271  -11.654 0.0000000000
107784  34.291  -78.112  -10.998 0.0000000000
148990  35.777  -78.660  -11.862 0.0000000000
36003  35.392  -78.501  -11.653 0.0000000000
79799  35.291  -77.047  -12.028 0.0000000000
79797  34.785  -77.521  -11.482 0.0000000000
79798  35.130  -77.661  -11.687 0.0000000000
65056  41.246  -71.868  -15.024 0.0000000000
120929  44.584  -74.406  -13.698 0.0000000000
130787  42.413  -71.817  -15.491 0.0000000000
130788  42.553  -71.100  -15.345 0.0000000000
29593  42.004  -71.065  -15.187 0.0000000000
130795  40.663  -71.772  -14.739 0.0000000000
130794  40.060  -71.628  -14.393 0.0000000000
120930  45.257  -73.556  -13.495 0.0000000000
57852  44.507  -73.484  -14.392 0.0000000000
105294  43.567  -71.796  -15.497 0.0000000000
105293  42.987  -71.837  -15.512 0.0000000000
130796  41.443  -71.049  -14.868 0.0000000000
120931  45.864  -72.739  -13.170 0.0000000000
130789  42.674  -70.359  -15.202 0.0000000000
105285  46.185  -71.949  -12.056 0.0000000000
34310  43.931  -72.673  -15.169 0.0000000000
48258  43.757  -70.229  -15.394 0.0000000000
48259  43.780  -69.447  -15.141 0.0000000000
48257  43.200  -70.271  -15.324 0.0000000000
18920  34.574  -78.200  -11.215 0.0000000000
148992  34.948  -78.403  -11.472 0.0000000000
17537  43.135  -71.037  -15.480 0.0000000000
25497  45.608  -72.700  -13.725 0.0000000000
57853  44.903  -73.472  -13.986 0.0000000000
3926  44.832  -72.669  -14.630 0.0000000000
105295  43.677  -71.001  -15.491 0.0000000000
105284  46.336  -71.841  -12.700 0.0000000000
120932  46.203  -71.794  -13.308 0.0000000000
122835  40.570  -85.150  -8.734 0.0000000000
26313  40.514  -85.497  -9.344 0.0000000000
49613  40.091  -84.543  -7.085 0.0000000000
59215  41.073  -85.207  -9.800 0.0000000000
79717  40.031  -83.435  -4.810 0.0000000000
107736  40.645  -83.581  -6.124 0.0000000000
18894  40.673  -84.038  -6.854 0.0000000000
122840  41.384  -85.306  -10.954 0.0000000000
12060  41.232  -85.651  -11.562 0.0000000000
35963  40.377  -84.038  -3.010 0.0000000000
148896  39.949  -83.953  -3.578 0.0000000000
148898  40.903  -82.860  -3.250 0.0000000000
95439  40.788  -85.311  -13.003 0.0000000000
66394  41.377  -85.197  -0.511 0.0000000000
66396  41.616  -84.739  -1.074 0.0000000000
132488  41.322  -83.564  -2.374 0.0000000000
444  41.392  -82.952  -2.681 0.0000000000
95441  39.702  -85.203  -13.545 0.0000000000
14452  41.543  -84.808  0.223 0.0000000000
4385  34.413  -83.188  -13.348 0.0000000000
79774  34.992  -83.363  -13.314 0.0000000000
148963  35.389  -84.194  -13.554 0.0000000000
79768  37.597  -84.888  -13.640 0.0000000000
79767  36.871  -84.706  -13.585 0.0000000000
148957  38.353  -84.981  -13.699 0.0000000000
99740  41.730  -84.322  0.928 0.0000000000
59237  33.418  -81.229  -12.332 0.0000000000
59236  33.018  -81.886  -12.684 0.0000000000
99738  40.652  -84.187  1.570 0.0000000000
122868  34.365  -80.763  -12.138 0.0000000000
99736  40.301  -83.343  2.172 0.0000000000
99735  39.611  -83.654  1.733 0.0000000000
66386  40.507  -82.765  2.620 0.0000000000
26327  34.749  -80.027  -11.829 0.0000000000
132470  44.025  -82.119  2.862 0.0000000000
977  44.506  -81.935  2.485 0.0000000000
79794  34.296  -79.896  -11.627 0.0000000000
66383  43.281  -82.107  3.438 0.0000000000
132472  41.607  -81.959  3.478 0.0000000000
66385  40.815  -82.201  3.102 0.0000000000
23645  40.396  -81.874  2.998 0.0000000000
148800  45.454  -81.054  2.241 0.0000000000
107782  34.304  -79.011  -11.171 0.0000000000
107783  33.996  -78.867  -10.876 0.0000000000
18921  33.973  -77.884  -10.812 0.0000000000
107786  34.615  -76.701  -11.632 0.0000000000
35940  46.030  -80.040  1.941 0.0000000000
79803  35.056  -76.348  -12.170 0.0000000000
149001  34.780  -76.078  -11.962 0.0000000000
23379  36.348  -74.936  -13.202 0.0000000000
148803  46.027  -79.636  1.488 0.0000000000
107690  45.523  -78.921  0.737 0.0000000000
49590  44.669  -78.199  0.180 0.0000000000
18871  44.176  -77.806  -0.052 0.0000000000
115990  37.304  -74.378  -13.855 0.0000000000
79653  43.416  -76.215  -0.071 0.0000000000
35946  42.972  -75.961  -0.491 0.0000000000
7134  42.159  -75.272  -1.122 0.0000000000
107696  43.509  -76.849  -0.160 0.0000000000
102039  41.948  -75.540  -1.601 0.0000000000
14006  38.649  -73.919  -14.334 0.0000000000
44726  37.760  -74.621  -14.048 0.0000000000
137346  41.349  -73.601  -2.983 0.0000000000
130791  38.963  -73.057  -14.340 0.0000000000
70234  41.361  -72.727  -3.916 0.0000000000
65059  38.738  -72.029  -13.972 0.0000000000
130793  39.502  -71.423  -14.098 0.0000000000
118413  41.981  -71.093  -5.502 0.0000000000
65063  41.551  -70.308  -14.787 0.0000000000
14008  39.756  -70.663  -14.076 0.0000000000
65062  40.987  -70.219  -14.537 0.0000000000
65060  40.478  -70.103  -14.316 0.0000000000
91222  43.454  -70.185  -6.912 0.0000000000
91223  43.156  -70.172  -6.521 0.0000000000
143966  45.396  -71.167  -9.878 0.0000000000
143958  44.757  -71.257  -8.929 0.0000000000
91221  43.501  -71.123  -7.199 0.0000000000
57854  45.255  -72.666  -14.217 0.0000000000
143980  44.387  -72.703  -14.925 0.0000000000
143981  44.129  -71.765  -15.297 0.0000000000
130797  42.147  -70.320  -15.026 0.0000000000
53447  44.753  -70.380  -8.437 0.0000000000
53448  44.470  -70.320  -7.956 0.0000000000
91220  43.778  -70.260  -7.258 0.0000000000
17533  46.294  -71.110  -11.487 0.0000000000
75636  46.043  -71.120  -10.908 0.0000000000
17532  46.609  -70.895  -12.783 0.0000000000
105286  46.548  -71.066  -12.112 0.0000000000
57855  45.960  -71.865  -13.896 0.0000000000
120936  43.711  -68.752  -14.748 0.0000000000
120933  46.379  -70.923  -13.437 0.0000000000
49610  39.946  -85.312  -8.293 0.0000000000
122834  39.892  -85.703  -8.914 0.0000000000
107735  40.038  -84.112  -6.402 0.0000000000
49612  39.980  -84.931  -7.644 0.0000000000
59216  40.971  -85.624  -10.456 0.0000000000
95434  40.806  -86.026  -11.098 0.0000000000
148895  39.434  -84.436  -3.899 0.0000000000
35971  39.660  -83.887  -4.330 0.0000000000
79716  39.466  -83.969  -5.081 0.0000000000
79715  40.014  -83.704  -5.637 0.0000000000
95435  40.644  -86.345  -11.694 0.0000000000
95436  40.946  -85.808  -12.164 0.0000000000
79695  40.365  -84.691  -2.756 0.0000000000
79696  39.867  -84.603  -3.300 0.0000000000
12061  40.609  -85.932  -12.732 0.0000000000
66398  41.262  -84.782  -1.704 0.0000000000
148870  40.865  -84.108  -2.509 0.0000000000
148869  40.846  -84.794  -2.278 0.0000000000
12062  40.895  -84.634  -13.138 0.0000000000
95440  40.291  -85.257  -13.278 0.0000000000
12063  39.553  -85.885  -13.484 0.0000000000
99742  40.983  -85.365  0.004 0.0000000000
148955  39.059  -85.104  -13.633 0.0000000000
99741  41.094  -84.851  0.694 0.0000000000
59234  32.536  -82.638  -12.989 0.0000000000
122863  33.758  -82.983  -13.259 0.0000000000
79772  33.997  -83.894  -13.518 0.0000000000
79773  34.666  -84.021  -13.511 0.0000000000
107767  36.136  -84.480  -13.574 0.0000000000
148956  37.412  -85.536  -13.840 0.0000000000
18910  36.662  -85.355  -13.813 0.0000000000
14451  40.549  -84.707  1.029 0.0000000000
122871  32.114  -81.677  -12.068 0.0000000000
59238  32.548  -81.744  -12.435 0.0000000000
45170  40.012  -84.486  1.188 0.0000000000
122870  33.445  -80.442  -11.654 0.0000000000
122872  32.624  -80.982  -11.656 0.0000000000
26328  32.989  -81.076  -12.035 0.0000000000
116615  39.118  -83.298  1.685 0.0000000000
2897  39.799  -83.061  2.148 0.0000000000
4387  33.895  -79.760  -11.350 0.0000000000
66384  39.987  -82.506  2.569 0.0000000000
49640  33.695  -78.706  -10.567 0.0000000000
49642  33.691  -77.742  -10.603 0.0000000000
18922  34.323  -76.505  -11.444 0.0000000000
107788  33.853  -76.996  -10.922 0.0000000000
6366  42.882  -81.984  3.663 0.0000000000
116610  39.930  -81.539  2.938 0.0000000000
49586  45.226  -81.337  2.670 0.0000000000
116611  39.560  -82.136  2.538 0.0000000000
107787  34.159  -77.168  -11.114 0.0000000000
149002  34.981  -75.476  -12.230 0.0000000000
45168  41.666  -81.032  3.848 0.0000000000
132471  41.240  -81.607  3.443 0.0000000000
116609  40.819  -81.292  3.379 0.0000000000
148801  45.970  -80.409  2.386 0.0000000000
148999  35.772  -75.448  -12.857 0.0000000000
54324  36.051  -74.794  -12.920 0.0000000000
54325  36.658  -74.076  -13.285 0.0000000000
79641  46.238  -78.932  1.594 0.0000000000
79640  45.963  -78.544  1.193 0.0000000000
107693  45.084  -77.845  0.603 0.0000000000
107694  44.514  -77.555  0.391 0.0000000000
23380  37.684  -73.494  -13.862 0.0000000000
115991  36.961  -74.288  -13.566 0.0000000000
79649  44.235  -76.134  0.604 0.0000000000
79652  43.273  -75.565  0.005 0.0000000000
79647  44.393  -76.861  0.529 0.0000000000
102040  41.768  -74.769  -1.404 0.0000000000
107695  43.999  -77.188  0.146 0.0000000000
102041  41.661  -75.003  -1.922 0.0000000000
130790  38.110  -73.693  -14.085 0.0000000000
65058  38.468  -72.791  -14.067 0.0000000000
148819  42.823  -75.284  -0.418 0.0000000000
70224  42.366  -74.944  -0.693 0.0000000000
70226  41.938  -74.446  -0.939 0.0000000000
15730  41.437  -74.113  -1.698 0.0000000000
102042  41.450  -74.347  -2.205 0.0000000000
32009  41.246  -72.669  -3.364 0.0000000000
102045  41.352  -71.811  -4.249 0.0000000000
2750  38.305  -71.828  -13.658 0.0000000000
98940  38.982  -71.266  -13.839 0.0000000000
15732  41.726  -71.061  -5.053 0.0000000000
98941  39.207  -70.522  -13.807 0.0000000000
162716  42.709  -70.173  -6.121 0.0000000000
44728  39.428  -69.780  -13.905 0.0000000000
143959  45.062  -70.344  -8.857 0.0000000000
53449  44.726  -69.566  -7.980 0.0000000000
22729  44.356  -69.561  -7.620 0.0000000000
143967  45.398  -70.290  -9.362 0.0000000000
57856  45.594  -71.841  -14.383 0.0000000000
143984  45.750  -71.041  -14.487 0.0000000000
34311  45.223  -71.034  -14.826 0.0000000000
143982  44.529  -71.863  -15.025 0.0000000000
75651  44.664  -71.027  -15.098 0.0000000000
105296  44.317  -70.217  -15.320 0.0000000000
143988  44.659  -68.691  -14.699 0.0000000000
25500  43.952  -68.085  -14.343 0.0000000000
830  43.269  -69.574  -15.108 0.0000000000
29596  42.264  -69.604  -14.908 0.0000000000
75638  45.706  -70.260  -9.831 0.0000000000
75635  46.262  -70.243  -10.929 0.0000000000
75637  46.014  -70.310  -10.372 0.0000000000
122833  39.105  -86.272  -9.157 0.0000000000
59213  39.810  -86.096  -9.530 0.0000000000
59214  40.437  -85.906  -9.994 0.0000000000
8567  39.285  -85.185  -3.613 0.0000000000
107733  38.706  -84.723  -6.101 0.0000000000
107732  38.597  -85.040  -6.810 0.0000000000
18892  39.274  -85.021  -7.268 0.0000000000
4379  40.288  -86.328  -10.677 0.0000000000
95433  40.144  -86.720  -11.286 0.0000000000
79694  39.810  -85.261  -3.073 0.0000000000
42780  40.335  -86.473  -12.348 0.0000000000
35962  40.333  -85.335  -2.550 0.0000000000
42782  40.150  -85.918  -13.156 0.0000000000
99743  40.843  -85.754  -0.761 0.0000000000
6368  41.128  -85.323  -1.297 0.0000000000
148868  40.760  -85.375  -1.967 0.0000000000
148954  38.948  -85.765  -13.690 0.0000000000
45172  40.488  -85.314  0.411 0.0000000000
35991  38.192  -85.661  -13.793 0.0000000000
4386  32.084  -82.454  -12.750 0.0000000000
26325  33.090  -82.823  -13.149 0.0000000000
122860  33.384  -83.717  -13.414 0.0000000000
26323  33.697  -84.511  -13.613 0.0000000000
18911  35.165  -84.851  -13.750 0.0000000000
107766  35.902  -85.141  -13.800 0.0000000000
107764  36.500  -85.932  -13.935 0.0000000000
59240  31.853  -81.632  -11.656 0.0000000000
95447  31.603  -82.374  -12.445 0.0000000000
14449  39.483  -84.194  1.264 0.0000000000
26329  32.403  -80.914  -11.169 0.0000000000
23647  38.458  -83.500  1.229 0.0000000000
122873  33.120  -80.302  -11.273 0.0000000000
122874  32.861  -80.241  -10.833 0.0000000000
116614  38.590  -82.948  1.642 0.0000000000
107781  33.598  -79.627  -10.947 0.0000000000
116612  39.312  -82.726  2.096 0.0000000000
18919  33.297  -79.505  -10.632 0.0000000000
49641  33.444  -78.512  -10.421 0.0000000000
18923  33.450  -77.434  -10.321 0.0000000000
107789  33.628  -76.703  -10.613 0.0000000000
23646  38.802  -82.380  2.068 0.0000000000
79806  34.205  -75.664  -11.521 0.0000000000
79804  34.033  -76.318  -11.234 0.0000000000
66382  44.137  -81.668  3.654 0.0000000000
132469  44.497  -81.638  3.366 0.0000000000
23644  39.443  -81.212  2.902 0.0000000000
49584  44.850  -81.553  3.036 0.0000000000
54767  39.070  -81.784  2.493 0.0000000000
149003  35.232  -74.888  -12.368 0.0000000000
36007  34.707  -75.234  -11.988 0.0000000000
79805  34.520  -75.867  -11.801 0.0000000000
976  41.192  -80.731  3.843 0.0000000000
66381  43.771  -81.648  3.901 0.0000000000
99734  42.473  -81.684  3.806 0.0000000000
14448  42.072  -81.374  3.850 0.0000000000
158568  40.477  -80.509  3.711 0.0000000000
116608  40.354  -81.020  3.304 0.0000000000
18866  45.839  -80.765  2.809 0.0000000000
2749  35.742  -74.511  -12.712 0.0000000000
54326  36.383  -73.917  -12.952 0.0000000000
148802  46.397  -79.735  2.430 0.0000000000
115992  37.321  -73.388  -13.548 0.0000000000
18870  44.945  -77.139  0.727 0.0000000000
148804  46.384  -79.321  1.998 0.0000000000
8560  46.003  -77.736  1.284 0.0000000000
65057  38.056  -72.632  -13.793 0.0000000000
79648  44.762  -76.404  0.864 0.0000000000
79651  43.760  -75.831  0.358 0.0000000000
137339  41.568  -73.909  -1.209 0.0000000000
70227  41.208  -73.322  -1.955 0.0000000000
102043  41.297  -73.551  -2.470 0.0000000000
137347  41.177  -72.708  -2.784 0.0000000000
115996  37.902  -71.687  -13.351 0.0000000000
137349  41.075  -71.715  -3.124 0.0000000000
115997  38.120  -70.881  -13.296 0.0000000000
15733  41.274  -70.870  -4.039 0.0000000000
102046  41.465  -70.993  -4.537 0.0000000000
118414  42.264  -70.140  -5.703 0.0000000000
46452  41.862  -70.138  -5.309 0.0000000000
115998  38.261  -70.100  -13.326 0.0000000000
114639  44.098  -69.482  -7.263 0.0000000000
91224  43.432  -69.317  -6.587 0.0000000000
40587  43.036  -69.335  -6.227 0.0000000000
75656  44.369  -67.953  -14.288 0.0000000000
75655  43.967  -67.306  -13.858 0.0000000000
44729  39.606  -69.032  -14.046 0.0000000000
44727  38.943  -69.526  -13.690 0.0000000000
65064  41.677  -69.582  -14.730 0.0000000000
6102  41.165  -69.481  -14.521 0.0000000000
98942  39.935  -69.913  -14.115 0.0000000000
1780  45.041  -69.552  -8.450 0.0000000000
34306  45.676  -69.458  -9.437 0.0000000000
25498  46.112  -71.052  -13.986 0.0000000000
143985  46.224  -70.145  -14.022 0.0000000000
75653  45.809  -70.191  -14.510 0.0000000000
75652  45.240  -70.190  -14.840 0.0000000000
75650  44.778  -70.228  -15.129 0.0000000000
105297  44.758  -69.491  -14.986 0.0000000000
34313  44.865  -67.822  -14.204 0.0000000000
120937  43.520  -68.127  -14.340 0.0000000000
120938  43.559  -67.378  -13.847 0.0000000000
130799  42.840  -68.828  -14.755 0.0000000000
120935  43.264  -68.819  -14.754 0.0000000000
65065  42.384  -68.868  -14.754 0.0000000000
75639  45.934  -69.444  -9.923 0.0000000000
7992  46.214  -69.382  -10.480 0.0000000000
48253  46.689  -70.105  -12.206 0.0000000000
105287  46.528  -70.225  -11.577 0.0000000000
48252  46.702  -69.979  -12.848 0.0000000000
120934  46.518  -70.012  -13.468 0.0000000000
18890  39.176  -85.870  -8.557 0.0000000000
49611  39.248  -85.419  -7.911 0.0000000000
122832  38.282  -86.847  -9.480 0.0000000000
26312  39.014  -86.736  -9.844 0.0000000000
59212  39.694  -86.592  -10.290 0.0000000000
79693  39.752  -85.913  -2.854 0.0000000000
79692  39.232  -85.846  -3.397 0.0000000000
107722  38.680  -85.771  -3.936 0.0000000000
148892  38.835  -85.125  -4.185 0.0000000000
79714  38.150  -84.990  -5.565 0.0000000000
8569  37.996  -85.200  -6.303 0.0000000000
79708  37.849  -85.512  -7.085 0.0000000000
107731  38.530  -85.486  -7.524 0.0000000000
59210  39.556  -87.018  -10.873 0.0000000000
95432  39.440  -87.314  -11.465 0.0000000000
12059  39.958  -86.935  -11.927 0.0000000000
42778  39.180  -87.484  -12.138 0.0000000000
42779  39.638  -87.045  -12.555 0.0000000000
42781  39.969  -86.532  -12.911 0.0000000000
445  39.190  -87.058  -13.050 0.0000000000
148865  40.564  -85.869  -1.559 0.0000000000
148867  40.246  -85.939  -2.240 0.0000000000
42783  39.401  -86.502  -13.307 0.0000000000
148953  38.783  -86.362  -13.635 0.0000000000
14453  40.362  -85.814  -0.336 0.0000000000
148863  39.733  -86.206  -0.659 0.0000000000
79765  38.029  -86.289  -13.806 0.0000000000
45173  39.861  -85.682  0.017 0.0000000000
79766  37.268  -86.112  -13.897 0.0000000000
6374  36.348  -86.468  -13.942 0.0000000000
45171  39.954  -85.062  0.690 0.0000000000
95446  31.153  -83.048  -12.650 0.0000000000
59233  32.144  -83.386  -13.147 0.0000000000
122861  31.833  -84.106  -13.203 0.0000000000
122859  33.010  -84.420  -13.488 0.0000000000
148962  34.400  -84.631  -13.682 0.0000000000
49630  34.940  -85.435  -13.902 0.0000000000
107765  35.729  -85.681  -13.967 0.0000000000
45169  39.416  -84.767  0.792 0.0000000000
59243  31.536  -81.398  -10.762 0.0000000000
59241  31.667  -81.530  -11.216 0.0000000000
59239  31.109  -82.160  -11.694 0.0000000000
116617  38.890  -84.429  0.822 0.0000000000
116616  39.003  -83.860  1.284 0.0000000000
26330  32.011  -80.729  -10.351 0.0000000000
116613  38.047  -82.614  1.621 0.0000000000
54770  37.909  -83.157  1.186 0.0000000000
122876  32.482  -79.963  -10.094 0.0000000000
49639  33.104  -79.329  -10.354 0.0000000000
2000  32.900  -79.130  -9.986 0.0000000000
49643  33.212  -78.249  -10.068 0.0000000000
161890  32.963  -78.083  -9.812 0.0000000000
161891  33.220  -77.224  -10.090 0.0000000000
161895  33.426  -75.946  -10.831 0.0000000000
161892  33.332  -76.593  -10.438 0.0000000000
2896  37.803  -81.742  2.080 0.0000000000
79807  34.360  -75.062  -11.758 0.0000000000
79808  33.845  -75.423  -11.310 0.0000000000
158570  38.849  -81.014  2.846 0.0000000000
158571  37.900  -81.266  2.482 0.0000000000
92499  35.477  -74.204  -12.422 0.0000000000
149004  34.913  -74.574  -12.122 0.0000000000
66379  43.405  -81.388  4.135 0.0000000000
39204  39.736  -80.220  3.678 0.0000000000
49585  45.614  -81.011  3.190 0.0000000000
18864  45.274  -81.116  3.543 0.0000000000
87765  38.981  -80.467  3.294 0.0000000000
92500  36.057  -73.602  -12.703 0.0000000000
45166  42.081  -80.547  4.319 0.0000000000
158559  41.318  -80.296  4.222 0.0000000000
158567  40.586  -80.030  4.149 0.0000000000
87763  39.845  -79.730  4.158 0.0000000000
107686  46.341  -80.109  2.889 0.0000000000
148805  46.709  -79.001  2.457 0.0000000000
79642  46.363  -78.042  1.693 0.0000000000
79646  45.869  -76.958  1.370 0.0000000000
115993  37.641  -72.510  -13.476 0.0000000000
115994  36.686  -72.993  -12.932 0.0000000000
148813  45.090  -75.919  1.265 0.0000000000
35944  44.523  -75.714  1.001 0.0000000000
79650  44.002  -75.497  0.752 0.0000000000
35945  43.508  -75.221  0.458 0.0000000000
148812  45.317  -76.669  1.099 0.0000000000
70228  41.163  -73.155  -1.457 0.0000000000
7136  41.040  -72.496  -2.256 0.0000000000
148818  43.057  -74.928  0.128 0.0000000000
70225  42.082  -74.073  -0.459 0.0000000000
32006  41.643  -73.538  -0.730 0.0000000000
23382  37.529  -71.451  -13.093 0.0000000000
137350  40.896  -71.583  -2.573 0.0000000000
54329  37.117  -71.155  -12.849 0.0000000000
70236  41.052  -70.752  -3.482 0.0000000000
54331  37.294  -70.322  -12.909 0.0000000000
102047  41.345  -69.999  -4.301 0.0000000000
46453  41.553  -70.122  -4.799 0.0000000000
23383  37.877  -69.842  -13.220 0.0000000000
162717  42.579  -69.285  -5.835 0.0000000000
75657  44.409  -67.187  -13.726 0.0000000000
3928  43.889  -66.576  -13.298 0.0000000000
116001  38.028  -69.217  -13.440 0.0000000000
162723  43.728  -68.617  -6.647 0.0000000000
162724  43.404  -68.615  -6.260 0.0000000000
143968  45.347  -69.543  -8.892 0.0000000000
143992  45.495  -68.408  -14.163 0.0000000000
143989  45.060  -68.552  -14.464 0.0000000000
143990  44.763  -66.947  -13.592 0.0000000000
831  39.084  -68.814  -13.940 0.0000000000
116000  38.639  -68.657  -13.891 0.0000000000
65066  41.819  -68.807  -14.608 0.0000000000
98943  40.654  -69.361  -14.360 0.0000000000
14009  40.108  -69.200  -14.217 0.0000000000
162718  44.733  -68.760  -7.679 0.0000000000
128201  45.415  -68.711  -8.514 0.0000000000
128202  45.079  -68.820  -8.011 0.0000000000
1781  46.700  -68.979  -12.883 0.0000000000
143986  46.459  -69.106  -13.453 0.0000000000
34312  46.226  -69.224  -13.962 0.0000000000
57857  42.791  -67.527  -13.917 0.0000000000
57858  43.138  -67.508  -13.870 0.0000000000
25499  43.129  -68.138  -14.335 0.0000000000
75641  46.110  -68.602  -10.093 0.0000000000
105288  46.429  -69.339  -11.009 0.0000000000
17534  46.580  -69.242  -11.583 0.0000000000
18885  39.151  -86.455  -3.166 0.0000000000
107721  38.625  -86.375  -3.724 0.0000000000
18886  38.077  -86.252  -4.255 0.0000000000
148891  38.200  -85.593  -4.490 0.0000000000
18891  37.713  -85.951  -7.749 0.0000000000
107730  38.452  -85.926  -8.193 0.0000000000
4378  37.523  -86.905  -9.102 0.0000000000
122829  37.444  -87.435  -9.750 0.0000000000
122831  38.201  -87.378  -10.109 0.0000000000
59211  38.913  -87.221  -10.463 0.0000000000
35970  38.432  -84.998  -4.824 0.0000000000
122830  38.135  -87.847  -10.712 0.0000000000
12058  38.792  -87.627  -11.075 0.0000000000
95431  38.638  -87.840  -11.687 0.0000000000
35961  39.967  -86.390  -1.858 0.0000000000
148866  39.599  -86.536  -2.602 0.0000000000
12057  38.297  -88.054  -12.281 0.0000000000
42777  38.795  -87.604  -12.697 0.0000000000
79690  39.583  -86.633  -1.403 0.0000000000
132518  38.558  -86.964  -13.464 0.0000000000
30230  37.874  -86.857  -13.740 0.0000000000
79764  37.105  -86.697  -13.807 0.0000000000
35960  39.087  -86.545  -0.965 0.0000000000
148862  39.218  -85.994  -0.341 0.0000000000
978  39.374  -85.388  0.306 0.0000000000
107763  35.536  -86.226  -13.980 0.0000000000
95448  30.810  -82.874  -12.369 0.0000000000
59232  31.597  -83.214  -12.948 0.0000000000
12065  31.314  -83.920  -12.926 0.0000000000
26324  32.410  -84.248  -13.393 0.0000000000
122858  32.734  -85.091  -13.509 0.0000000000
49631  34.180  -85.257  -13.825 0.0000000000
18909  34.707  -85.981  -13.991 0.0000000000
161878  31.232  -81.325  -10.416 0.0000000000
4388  30.940  -82.018  -11.219 0.0000000000
95450  30.308  -82.605  -11.577 0.0000000000
54772  38.358  -84.073  0.784 0.0000000000
40308  31.466  -80.495  -9.763 0.0000000000
10577  37.371  -82.835  1.155 0.0000000000
161888  31.948  -79.685  -9.483 0.0000000000
161889  32.617  -78.951  -9.720 0.0000000000
90534  32.697  -77.982  -9.465 0.0000000000
40312  32.925  -77.159  -9.702 0.0000000000
161894  33.060  -76.459  -10.110 0.0000000000
40313  33.133  -75.817  -10.574 0.0000000000
92765  37.574  -82.306  1.608 0.0000000000
161896  33.517  -75.306  -11.228 0.0000000000
158574  37.133  -81.498  2.093 0.0000000000
149005  34.562  -74.337  -11.937 0.0000000000
39205  38.117  -80.687  2.945 0.0000000000
158573  37.294  -80.915  2.574 0.0000000000
10429  35.138  -73.878  -12.213 0.0000000000
132468  44.940  -81.188  3.866 0.0000000000
87764  39.018  -79.917  3.757 0.0000000000
87766  38.268  -80.132  3.391 0.0000000000
39201  41.464  -79.892  4.625 0.0000000000
158566  40.756  -79.587  4.594 0.0000000000
14447  43.956  -80.863  4.656 0.0000000000
45167  42.519  -80.843  4.321 0.0000000000
39203  39.998  -79.198  4.568 0.0000000000
30211  44.642  -81.229  4.153 0.0000000000
87762  39.111  -79.354  4.195 0.0000000000
107684  45.946  -80.590  3.624 0.0000000000
92501  35.715  -73.332  -12.429 0.0000000000
79632  46.669  -79.754  3.284 0.0000000000
79644  46.329  -77.228  1.813 0.0000000000
10430  36.304  -72.677  -12.626 0.0000000000
79645  46.167  -76.493  1.904 0.0000000000
8559  46.737  -79.447  2.829 0.0000000000
35941  46.570  -78.548  2.079 0.0000000000
115995  37.314  -72.261  -13.168 0.0000000000
54328  36.931  -72.069  -12.885 0.0000000000
148814  44.764  -75.273  1.386 0.0000000000
148815  44.206  -75.045  1.118 0.0000000000
148817  43.295  -74.575  0.592 0.0000000000
137334  42.791  -74.235  0.291 0.0000000000
137336  42.211  -73.779  -0.002 0.0000000000
137337  41.742  -73.198  -0.279 0.0000000000
137340  41.215  -72.904  -0.981 0.0000000000
70229  40.933  -72.331  -1.745 0.0000000000
54333  36.816  -70.173  -12.793 0.0000000000
32010  40.887  -70.615  -2.919 0.0000000000
54332  37.432  -69.644  -13.087 0.0000000000
23385  36.961  -69.507  -12.981 0.0000000000
15734  41.522  -69.145  -4.537 0.0000000000
70235  41.118  -69.796  -3.793 0.0000000000
46454  41.769  -69.240  -5.023 0.0000000000
116002  37.578  -68.999  -13.360 0.0000000000
116003  37.119  -68.883  -13.318 0.0000000000
162725  42.966  -68.509  -5.934 0.0000000000
143991  45.184  -67.637  -13.933 0.0000000000
75659  45.108  -66.789  -13.344 0.0000000000
105299  44.234  -66.373  -13.191 0.0000000000
120939  43.473  -66.734  -13.383 0.0000000000
120942  43.369  -65.983  -12.855 0.0000000000
65079  37.727  -68.395  -13.738 0.0000000000
162720  44.060  -68.680  -6.985 0.0000000000
40589  43.686  -67.831  -6.406 0.0000000000
28614  45.086  -67.937  -7.813 0.0000000000
143969  45.654  -68.732  -9.007 0.0000000000
143995  46.547  -68.095  -12.893 0.0000000000
143994  46.251  -68.211  -13.385 0.0000000000
143993  45.939  -68.310  -13.830 0.0000000000
25501  43.050  -66.811  -13.358 0.0000000000
130818  38.787  -68.056  -14.230 0.0000000000
98944  41.295  -68.744  -14.523 0.0000000000
98945  40.802  -68.580  -14.399 0.0000000000
44731  39.793  -68.254  -14.231 0.0000000000
44733  39.249  -68.193  -14.225 0.0000000000
91226  44.705  -67.922  -7.464 0.0000000000
28613  45.704  -67.918  -8.669 0.0000000000
128203  45.438  -67.938  -8.190 0.0000000000
75640  45.909  -68.675  -9.543 0.0000000000
105289  46.283  -68.547  -10.619 0.0000000000
48255  46.589  -68.364  -11.668 0.0000000000
48254  46.677  -69.106  -12.238 0.0000000000
48256  46.614  -68.168  -12.281 0.0000000000
57859  42.652  -66.884  -13.402 0.0000000000
130802  41.836  -68.044  -14.354 0.0000000000
130800  42.747  -68.118  -14.366 0.0000000000
1406  42.105  -69.229  -5.447 0.0000000000
1994  43.668  -79.983  -6.149 0.0000000000
1998  40.618  -81.295  -12.955 0.0000000000
3324  42.363  -76.229  -5.990 0.0000000000
4370  45.256  -80.578  0.617 0.0000000000
4372  43.679  -79.530  -3.359 0.0000000000
4382  42.531  -81.830  -12.803 0.0000000000
6099  39.309  -75.801  -14.371 0.0000000000
7990  44.161  -73.076  -8.257 0.0000000000
7994  45.157  -69.338  -14.702 0.0000000000
8561  43.876  -76.542  0.249 0.0000000000
8571  42.696  -82.495  -7.340 0.0000000000
8582  33.751  -76.050  -10.942 0.0000000000
10117  43.769  -69.394  -6.941 0.0000000000
11604  42.816  -75.772  -13.908 0.0000000000
12067  31.317  -82.272  -12.061 0.0000000000
14007  38.773  -70.257  -13.565 0.0000000000
17538  44.188  -70.956  -15.335 0.0000000000
17539  44.278  -69.495  -15.118 0.0000000000
18893  39.392  -84.239  -5.899 0.0000000000
18913  36.216  -82.078  -12.805 0.0000000000
18917  37.550  -77.652  -12.823 0.0000000000
23381  37.037  -73.224  -13.217 0.0000000000
23384  38.168  -68.540  -13.836 0.0000000000
26297  44.427  -81.770  0.127 0.0000000000
26301  43.682  -80.266  -2.541 0.0000000000
26315  41.549  -84.861  -10.315 0.0000000000
26317  42.921  -83.141  -11.906 0.0000000000
29594  39.245  -72.217  -14.210 0.0000000000
29597  42.286  -68.142  -14.394 0.0000000000
30212  43.657  -82.130  3.169 0.0000000000
30218  41.295  -84.167  -2.042 0.0000000000
32004  42.574  -74.600  -0.180 0.0000000000
34303  45.079  -71.185  -9.371 0.0000000000
34304  45.711  -72.822  -11.489 0.0000000000
34314  45.526  -67.501  -13.598 0.0000000000
35943  45.697  -76.148  1.538 0.0000000000
35948  42.055  -76.863  -2.581 0.0000000000
35954  43.832  -77.368  -7.729 0.0000000000
35976  42.658  -83.053  -8.627 0.0000000000
35980  44.376  -78.448  -8.510 0.0000000000
35989  42.376  -77.095  -13.268 0.0000000000
35997  39.695  -79.406  -12.670 0.0000000000
35998  39.958  -78.116  -13.124 0.0000000000
35999  40.236  -76.955  -13.748 0.0000000000
36001  37.714  -76.709  -13.569 0.0000000000
36006  35.240  -75.775  -12.421 0.0000000000
40311  32.380  -78.850  -9.376 0.0000000000
48251  44.933  -75.418  -11.627 0.0000000000
49592  43.900  -78.011  -0.596 0.0000000000
49596  43.615  -79.487  -5.809 0.0000000000
49614  40.664  -84.441  -7.468 0.0000000000
49625  41.750  -80.745  -12.900 0.0000000000
49633  35.955  -81.103  -12.542 0.0000000000
49636  36.521  -79.633  -12.102 0.0000000000
54330  37.710  -70.645  -13.096 0.0000000000
54766  38.589  -81.473  2.488 0.0000000000
54768  38.293  -82.045  2.045 0.0000000000
59191  44.112  -80.623  -1.564 0.0000000000
59194  42.524  -81.132  -3.645 0.0000000000
59196  42.883  -80.845  -4.135 0.0000000000
59235  33.516  -82.123  -12.863 0.0000000000
59242  32.167  -80.865  -10.798 0.0000000000
65061  40.291  -70.837  -14.318 0.0000000000
65081  37.918  -67.748  -14.272 0.0000000000
66387  41.296  -83.760  1.880 0.0000000000
66388  41.459  -83.276  2.453 0.0000000000
66391  42.473  -83.472  1.780 0.0000000000
75625  44.566  -75.429  -8.953 0.0000000000
75627  45.022  -73.724  -10.293 0.0000000000
75629  44.886  -72.946  -9.820 0.0000000000
75631  45.086  -72.084  -9.871 0.0000000000
75654  45.708  -69.251  -14.338 0.0000000000
79654  43.042  -77.312  -1.258 0.0000000000
79656  42.615  -76.981  -1.599 0.0000000000
79658  42.429  -77.185  -2.260 0.0000000000
79661  43.505  -79.055  -3.015 0.0000000000
79662  42.897  -78.487  -4.376 0.0000000000
79665  42.176  -77.537  -3.590 0.0000000000
79666  42.260  -77.640  -4.293 0.0000000000
79667  42.096  -77.220  -4.638 0.0000000000
79668  42.518  -77.719  -5.043 0.0000000000
79670  43.111  -77.835  -6.446 0.0000000000
79718  40.181  -83.290  -3.996 0.0000000000
79722  42.185  -82.755  -6.872 0.0000000000
79725  42.914  -81.433  -6.479 0.0000000000
79735  44.061  -79.799  -7.848 0.0000000000
79737  44.641  -79.108  -9.576 0.0000000000
79741  44.712  -77.924  -9.273 0.0000000000
79742  44.781  -77.372  -9.340 0.0000000000
79744  44.771  -78.970  -11.240 0.0000000000
79761  41.815  -77.717  -13.126 0.0000000000
79762  41.935  -77.056  -13.385 0.0000000000
79769  37.805  -84.182  -13.407 0.0000000000
79770  38.676  -83.552  -13.263 0.0000000000
79783  39.180  -78.596  -12.765 0.0000000000
79785  40.109  -77.484  -13.456 0.0000000000
79796  34.691  -79.169  -11.433 0.0000000000
79802  35.555  -75.993  -12.617 0.0000000000
92764  37.085  -81.988  1.673 0.0000000000
93534  42.699  -76.199  -6.660 0.0000000000
93536  42.836  -75.430  -6.841 0.0000000000
95416  43.384  -82.439  -0.578 0.0000000000
95438  41.401  -84.521  -12.813 0.0000000000
95449  30.527  -82.723  -11.977 0.0000000000
98939  38.530  -71.045  -13.561 0.0000000000
99733  42.963  -81.114  4.264 0.0000000000
105280  44.856  -75.419  -10.076 0.0000000000
107685  46.163  -80.422  3.228 0.0000000000
107691  45.567  -78.183  0.866 0.0000000000
107692  45.499  -77.435  0.974 0.0000000000
107697  43.691  -77.410  -0.291 0.0000000000
107699  43.279  -77.857  -1.615 0.0000000000
107702  43.478  -79.263  -4.405 0.0000000000
107728  38.364  -86.405  -8.850 0.0000000000
107729  37.606  -86.406  -8.435 0.0000000000
107734  39.374  -84.588  -6.632 0.0000000000
107741  42.974  -83.114  -10.329 0.0000000000
107750  44.883  -78.698  -10.302 0.0000000000
107753  44.529  -79.707  -11.691 0.0000000000
107762  41.082  -79.033  -12.880 0.0000000000
107785  34.494  -77.352  -11.282 0.0000000000
114637  44.153  -71.301  -8.029 0.0000000000
114638  44.090  -70.368  -7.609 0.0000000000
115999  38.462  -69.305  -13.571 0.0000000000
118406  41.584  -75.440  -4.149 0.0000000000
118409  42.194  -74.667  -5.782 0.0000000000
118411  41.734  -72.872  -5.020 0.0000000000
120925  44.941  -75.344  -12.091 0.0000000000
122793  44.224  -82.371  1.824 0.0000000000
122794  44.851  -81.680  2.040 0.0000000000
122802  44.792  -79.962  -0.749 0.0000000000
122811  43.462  -80.118  -4.363 0.0000000000
122813  43.526  -80.329  -5.765 0.0000000000
122838  41.516  -84.616  -9.658 0.0000000000
122844  43.179  -82.907  -11.332 0.0000000000
122862  32.708  -83.527  -13.349 0.0000000000
122866  34.838  -80.825  -12.334 0.0000000000
122867  35.188  -80.178  -11.962 0.0000000000
122869  33.848  -80.559  -11.970 0.0000000000
122875  32.636  -80.144  -10.461 0.0000000000
130780  41.969  -75.103  -14.497 0.0000000000
130792  39.834  -72.376  -14.564 0.0000000000
130798  42.771  -69.621  -15.005 0.0000000000
132473  42.020  -82.233  3.408 0.0000000000
132517  38.272  -87.564  -13.174 0.0000000000
137348  41.216  -71.758  -3.688 0.0000000000
143952  44.273  -74.679  -8.520 0.0000000000
143960  45.197  -74.586  -11.744 0.0000000000
143963  46.018  -71.959  -11.482 0.0000000000
143983  45.085  -71.849  -14.756 0.0000000000
143987  44.162  -68.769  -14.779 0.0000000000
148820  42.563  -75.622  -0.804 0.0000000000
148822  42.658  -76.183  -0.832 0.0000000000
148824  42.064  -76.081  -1.689 0.0000000000
148830  43.196  -78.732  -3.353 0.0000000000
148832  42.668  -77.756  -2.621 0.0000000000
148834  41.961  -77.031  -3.239 0.0000000000
148835  41.707  -76.576  -3.519 0.0000000000
148836  41.821  -76.708  -4.231 0.0000000000
148837  42.050  -76.796  -4.972 0.0000000000
148838  42.329  -76.822  -5.706 0.0000000000
148844  43.884  -76.745  -7.862 0.0000000000
148864  40.228  -86.232  -1.089 0.0000000000
148871  40.848  -83.479  -2.847 0.0000000000
148893  38.804  -84.463  -5.306 0.0000000000
148894  39.101  -84.481  -4.577 0.0000000000
148916  43.817  -80.104  -6.878 0.0000000000
148918  44.009  -79.278  -7.397 0.0000000000
148921  44.251  -78.922  -8.293 0.0000000000
148926  44.640  -76.729  -8.848 0.0000000000
148928  44.924  -76.863  -9.893 0.0000000000
148939  43.972  -79.647  -12.317 0.0000000000
148942  44.301  -77.593  -12.031 0.0000000000
148946  43.406  -76.547  -13.225 0.0000000000
148964  36.378  -83.760  -13.336 0.0000000000
148967  37.336  -83.153  -13.114 0.0000000000
148980  40.405  -76.429  -14.016 0.0000000000
148983  38.304  -77.185  -13.300 0.0000000000
148985  38.454  -76.327  -13.960 0.0000000000
149000  35.480  -75.161  -12.611 0.0000000000
158569  39.670  -80.748  3.246 0.0000000000
161879  31.735  -80.610  -10.045 0.0000000000
161880  32.196  -79.834  -9.780 0.0000000000
162719  44.391  -68.717  -7.329 0.0000000000
