#!ascii label  , from subject fsaverage vox2ras=TkReg
637
104611  36.023  -82.327  19.809 0.0000000000
104613  35.938  -82.397  19.130 0.0000000000
104607  35.386  -80.389  20.188 0.0000000000
104609  35.573  -81.119  20.109 0.0000000000
47876  35.471  -81.270  19.495 0.0000000000
47878  35.650  -81.980  18.596 0.0000000000
17155  35.330  -80.594  19.550 0.0000000000
47875  35.247  -80.769  18.875 0.0000000000
74505  35.584  -79.897  21.342 0.0000000000
120404  35.231  -79.622  20.218 0.0000000000
120405  35.178  -79.867  19.606 0.0000000000
120406  35.120  -80.064  18.978 0.0000000000
120407  34.978  -80.259  18.242 0.0000000000
25268  35.748  -79.680  21.879 0.0000000000
120401  35.323  -79.324  20.820 0.0000000000
120403  35.087  -78.818  20.189 0.0000000000
25270  35.010  -79.108  19.593 0.0000000000
57478  34.944  -79.338  18.965 0.0000000000
130295  37.209  -81.312  26.203 0.0000000000
47872  36.347  -79.746  23.455 0.0000000000
130302  36.251  -78.904  23.484 0.0000000000
785  36.092  -79.196  22.956 0.0000000000
120399  35.711  -78.830  21.900 0.0000000000
25269  35.253  -78.546  20.770 0.0000000000
120402  34.985  -78.040  20.109 0.0000000000
130284  36.034  -79.173  31.066 0.0000000000
29405  35.595  -78.886  31.386 0.0000000000
64658  35.930  -79.233  30.599 0.0000000000
64657  35.504  -78.829  30.878 0.0000000000
6019  35.465  -78.667  30.343 0.0000000000
98699  35.767  -78.991  29.635 0.0000000000
98698  35.440  -78.337  29.811 0.0000000000
98697  35.191  -77.674  29.937 0.0000000000
44591  35.263  -77.279  29.225 0.0000000000
98696  34.977  -76.948  29.974 0.0000000000
64665  37.131  -81.121  26.878 0.0000000000
29410  36.935  -80.666  26.403 0.0000000000
29411  36.642  -79.610  25.278 0.0000000000
64670  36.504  -79.072  24.677 0.0000000000
130310  36.070  -77.957  23.467 0.0000000000
130311  36.009  -78.310  22.941 0.0000000000
130312  35.765  -77.713  22.379 0.0000000000
57472  35.351  -77.444  21.242 0.0000000000
57474  35.174  -77.765  20.679 0.0000000000
120369  37.191  -78.846  30.527 0.0000000000
120368  36.699  -78.905  31.040 0.0000000000
120367  36.464  -78.464  31.837 0.0000000000
25256  37.636  -79.347  29.820 0.0000000000
57451  37.083  -79.343  30.305 0.0000000000
130283  35.787  -78.767  31.881 0.0000000000
57452  37.516  -79.811  29.649 0.0000000000
130286  36.789  -80.013  29.595 0.0000000000
29406  36.293  -79.644  29.885 0.0000000000
94375  37.923  -80.240  29.068 0.0000000000
94374  37.648  -80.628  28.763 0.0000000000
130288  36.613  -80.047  29.192 0.0000000000
13873  36.037  -79.356  28.936 0.0000000000
98700  35.716  -78.679  29.088 0.0000000000
13872  35.478  -77.973  29.189 0.0000000000
44592  35.524  -77.579  28.518 0.0000000000
64663  37.169  -80.992  27.899 0.0000000000
6020  36.610  -80.212  27.489 0.0000000000
98701  36.016  -79.114  28.329 0.0000000000
44593  35.764  -78.367  28.447 0.0000000000
44594  35.771  -77.920  27.733 0.0000000000
44590  35.274  -76.849  28.578 0.0000000000
13870  35.019  -76.512  29.330 0.0000000000
64666  36.798  -80.521  26.970 0.0000000000
130297  36.694  -80.013  26.526 0.0000000000
784  35.541  -77.152  27.846 0.0000000000
64669  36.457  -78.804  25.347 0.0000000000
29412  36.313  -78.519  24.075 0.0000000000
29415  35.859  -77.394  22.884 0.0000000000
64680  35.566  -76.897  22.308 0.0000000000
130313  35.461  -77.164  21.783 0.0000000000
25255  36.891  -78.398  31.310 0.0000000000
74439  37.044  -77.764  31.342 0.0000000000
120370  37.711  -78.789  29.980 0.0000000000
142500  36.686  -77.956  32.025 0.0000000000
25257  38.769  -78.987  28.834 0.0000000000
120372  38.184  -79.226  29.327 0.0000000000
11471  38.516  -80.172  28.619 0.0000000000
98702  36.295  -79.508  27.526 0.0000000000
98704  36.249  -78.939  26.989 0.0000000000
44595  35.968  -78.178  26.986 0.0000000000
44596  35.749  -77.388  27.119 0.0000000000
98705  36.169  -78.393  26.409 0.0000000000
13876  35.914  -77.619  26.390 0.0000000000
115808  35.324  -76.379  27.924 0.0000000000
64667  36.327  -78.605  25.873 0.0000000000
130305  35.965  -77.248  25.225 0.0000000000
115810  35.356  -75.831  27.368 0.0000000000
64671  36.324  -78.228  24.692 0.0000000000
29414  35.882  -76.979  24.059 0.0000000000
130309  36.099  -77.693  24.060 0.0000000000
64678  35.864  -77.179  23.458 0.0000000000
64679  35.589  -76.675  22.864 0.0000000000
29416  35.240  -76.426  21.714 0.0000000000
3791  37.842  -78.098  29.989 0.0000000000
74440  37.497  -77.547  30.677 0.0000000000
120373  38.265  -78.598  29.393 0.0000000000
130303  35.709  -76.851  26.505 0.0000000000
115809  35.552  -76.626  27.229 0.0000000000
23300  35.138  -75.564  27.988 0.0000000000
130307  35.810  -76.776  24.611 0.0000000000
29413  35.708  -76.536  25.247 0.0000000000
64673  35.599  -76.302  25.918 0.0000000000
23301  35.518  -76.071  26.643 0.0000000000
64677  35.592  -76.472  23.430 0.0000000000
6023  35.310  -75.982  22.853 0.0000000000
104568  37.899  -77.391  30.059 0.0000000000
104567  38.346  -77.905  29.389 0.0000000000
104569  38.360  -77.183  29.417 0.0000000000
130306  35.567  -76.073  24.634 0.0000000000
64674  35.483  -75.835  25.329 0.0000000000
64676  35.588  -76.281  24.003 0.0000000000
13878  35.355  -75.536  24.061 0.0000000000
98707  35.233  -74.483  24.903 0.0000000000
64675  35.323  -75.770  23.413 0.0000000000
98710  35.107  -75.018  23.510 0.0000000000
98713  34.764  -74.778  22.354 0.0000000000
98709  35.181  -74.759  24.178 0.0000000000
130294  37.524  -81.623  26.597 0.0000000000
57476  34.811  -78.326  19.563 0.0000000000
94388  34.841  -77.289  20.044 0.0000000000
130314  35.167  -76.679  21.154 0.0000000000
3797  35.079  -76.962  20.623 0.0000000000
130315  34.959  -75.757  21.702 0.0000000000
98712  35.014  -75.505  22.298 0.0000000000
130317  34.830  -76.232  20.513 0.0000000000
130316  34.922  -75.965  21.081 0.0000000000
104614  35.879  -82.502  18.406 0.0000000000
74508  36.130  -82.233  20.451 0.0000000000
104608  35.639  -80.914  20.737 0.0000000000
104610  35.812  -81.810  19.981 0.0000000000
17159  35.580  -82.072  17.832 0.0000000000
47879  35.355  -81.494  17.996 0.0000000000
74506  35.834  -80.488  21.903 0.0000000000
74507  35.708  -80.667  21.363 0.0000000000
47880  35.265  -81.597  17.223 0.0000000000
120408  34.857  -80.428  17.518 0.0000000000
142609  34.709  -80.562  16.825 0.0000000000
47873  36.446  -80.561  23.404 0.0000000000
142582  35.977  -80.321  22.458 0.0000000000
25271  34.838  -79.544  18.295 0.0000000000
130293  37.950  -81.957  26.294 0.0000000000
29409  37.579  -81.767  25.892 0.0000000000
130296  36.999  -80.834  25.708 0.0000000000
130300  36.641  -79.909  24.591 0.0000000000
130301  36.509  -79.431  23.999 0.0000000000
57479  34.658  -78.838  18.333 0.0000000000
3799  34.360  -78.148  18.375 0.0000000000
64656  35.231  -78.504  31.718 0.0000000000
64655  35.169  -78.331  31.122 0.0000000000
64653  35.156  -78.031  30.502 0.0000000000
13871  34.943  -77.369  30.619 0.0000000000
130292  37.870  -81.726  26.919 0.0000000000
11478  34.640  -77.590  19.492 0.0000000000
783  36.051  -78.488  32.303 0.0000000000
130282  35.369  -78.519  32.218 0.0000000000
94376  38.284  -80.707  28.378 0.0000000000
94389  34.458  -76.869  19.419 0.0000000000
47852  36.337  -78.092  32.593 0.0000000000
57455  39.283  -79.383  28.261 0.0000000000
94377  38.868  -80.560  27.929 0.0000000000
115807  35.073  -76.043  28.666 0.0000000000
54193  34.882  -75.235  28.739 0.0000000000
94387  34.686  -76.531  19.955 0.0000000000
33798  37.227  -77.134  31.468 0.0000000000
142501  36.906  -77.390  32.135 0.0000000000
54194  34.927  -74.752  28.062 0.0000000000
54195  35.131  -75.015  27.467 0.0000000000
29417  34.579  -75.530  20.471 0.0000000000
142503  37.574  -76.869  30.850 0.0000000000
17134  37.930  -76.666  30.150 0.0000000000
115812  35.288  -74.757  26.208 0.0000000000
115815  35.184  -74.261  25.613 0.0000000000
64683  34.639  -75.308  21.088 0.0000000000
13880  34.694  -75.052  21.747 0.0000000000
74442  37.667  -76.201  30.925 0.0000000000
47854  38.922  -76.941  28.858 0.0000000000
104570  38.365  -76.447  29.510 0.0000000000
13877  35.046  -73.999  24.303 0.0000000000
44598  34.946  -74.271  23.620 0.0000000000
13879  34.845  -74.520  22.970 0.0000000000
44600  34.588  -73.995  22.428 0.0000000000
74510  36.470  -82.530  20.884 0.0000000000
7814  36.404  -82.647  20.272 0.0000000000
104612  36.301  -82.700  19.584 0.0000000000
17158  36.173  -82.821  18.913 0.0000000000
104615  35.731  -82.647  17.569 0.0000000000
74509  36.148  -82.065  21.112 0.0000000000
104617  35.446  -82.193  17.021 0.0000000000
104606  36.385  -81.459  22.830 0.0000000000
33826  35.962  -81.222  21.869 0.0000000000
104618  35.086  -81.777  16.480 0.0000000000
104619  34.649  -81.387  15.936 0.0000000000
74498  37.613  -81.913  25.141 0.0000000000
74497  37.256  -81.480  25.486 0.0000000000
104603  36.924  -81.334  24.410 0.0000000000
104605  36.548  -81.234  23.351 0.0000000000
25272  34.448  -79.986  16.990 0.0000000000
42196  38.384  -81.924  25.874 0.0000000000
142574  37.990  -82.052  24.850 0.0000000000
57480  34.456  -79.089  17.744 0.0000000000
57481  34.239  -78.415  17.820 0.0000000000
42194  38.819  -81.689  26.137 0.0000000000
94391  34.057  -77.477  18.364 0.0000000000
130273  35.659  -78.033  33.377 0.0000000000
130281  35.079  -78.179  32.477 0.0000000000
64654  34.926  -77.759  31.273 0.0000000000
130278  34.731  -77.030  31.373 0.0000000000
98695  34.759  -76.615  30.677 0.0000000000
11472  39.091  -80.902  27.158 0.0000000000
94390  34.231  -77.200  18.893 0.0000000000
47851  36.336  -77.748  33.297 0.0000000000
115805  34.592  -75.425  30.165 0.0000000000
115806  34.821  -75.722  29.419 0.0000000000
3792  39.680  -79.700  27.580 0.0000000000
94378  39.403  -80.267  27.411 0.0000000000
11477  34.280  -76.176  19.377 0.0000000000
104566  36.900  -77.046  32.941 0.0000000000
57456  39.381  -78.707  28.336 0.0000000000
57457  39.821  -79.076  27.714 0.0000000000
130318  34.464  -75.819  19.898 0.0000000000
142505  37.365  -76.075  32.448 0.0000000000
7803  37.208  -76.413  33.103 0.0000000000
120374  38.858  -78.320  28.816 0.0000000000
2704  34.711  -73.994  28.142 0.0000000000
23302  35.106  -74.501  26.930 0.0000000000
23303  34.971  -73.554  25.706 0.0000000000
64684  34.335  -74.841  20.467 0.0000000000
33799  37.544  -75.766  31.766 0.0000000000
74441  37.977  -75.935  30.266 0.0000000000
47853  39.535  -77.307  28.315 0.0000000000
115816  35.053  -73.767  25.005 0.0000000000
115817  34.913  -73.303  24.409 0.0000000000
44599  34.715  -73.782  23.080 0.0000000000
44597  34.836  -73.544  23.725 0.0000000000
64682  34.384  -74.607  21.122 0.0000000000
74443  37.783  -75.498  31.071 0.0000000000
104571  38.387  -75.651  29.659 0.0000000000
17135  38.930  -76.220  28.938 0.0000000000
44601  34.480  -73.340  22.571 0.0000000000
13881  34.327  -73.609  21.887 0.0000000000
74512  36.848  -82.820  20.629 0.0000000000
74514  36.733  -82.892  19.954 0.0000000000
142594  36.602  -83.016  19.263 0.0000000000
74515  36.069  -83.004  18.075 0.0000000000
74517  36.335  -83.462  17.752 0.0000000000
74521  35.697  -83.367  16.673 0.0000000000
74511  36.877  -82.661  21.232 0.0000000000
142603  35.384  -82.993  16.176 0.0000000000
74504  36.917  -82.410  22.386 0.0000000000
142587  36.519  -82.249  22.086 0.0000000000
74523  34.991  -82.648  15.733 0.0000000000
142576  37.177  -81.822  24.247 0.0000000000
74501  37.076  -82.009  23.613 0.0000000000
74522  34.810  -81.994  15.834 0.0000000000
142611  34.097  -81.005  15.443 0.0000000000
7816  34.328  -81.687  15.360 0.0000000000
33823  37.584  -82.003  24.556 0.0000000000
74527  33.973  -79.596  16.485 0.0000000000
74528  34.214  -80.128  16.281 0.0000000000
42195  38.769  -81.732  25.393 0.0000000000
94386  38.376  -81.973  24.451 0.0000000000
25273  33.983  -78.693  17.194 0.0000000000
11474  39.185  -81.341  25.583 0.0000000000
94392  33.905  -77.767  17.824 0.0000000000
130272  35.695  -77.632  34.128 0.0000000000
29401  35.422  -77.303  34.476 0.0000000000
6018  34.829  -77.148  33.391 0.0000000000
130279  34.759  -77.373  32.029 0.0000000000
64652  34.579  -76.239  31.439 0.0000000000
42193  39.235  -81.169  26.408 0.0000000000
11479  33.800  -76.850  18.322 0.0000000000
104564  36.436  -77.449  34.053 0.0000000000
17130  36.005  -77.773  33.741 0.0000000000
2703  34.589  -75.849  30.785 0.0000000000
94379  39.865  -79.904  26.872 0.0000000000
94380  39.559  -80.525  26.666 0.0000000000
17131  36.814  -77.003  34.342 0.0000000000
104565  36.666  -77.268  33.549 0.0000000000
23299  34.643  -74.935  29.487 0.0000000000
57459  40.122  -79.315  27.032 0.0000000000
130319  34.093  -75.479  19.324 0.0000000000
74437  37.529  -75.775  33.261 0.0000000000
120375  39.483  -78.000  28.308 0.0000000000
54190  34.516  -73.678  28.912 0.0000000000
57458  40.319  -78.696  27.174 0.0000000000
64685  34.241  -75.149  19.898 0.0000000000
74444  37.768  -75.080  31.947 0.0000000000
92420  34.537  -73.227  28.222 0.0000000000
10385  34.623  -73.018  27.039 0.0000000000
54198  34.800  -73.301  26.392 0.0000000000
54200  34.859  -73.084  25.113 0.0000000000
6024  34.099  -74.210  20.558 0.0000000000
74445  37.952  -74.779  31.263 0.0000000000
7804  38.063  -75.179  30.454 0.0000000000
104572  38.432  -74.926  29.844 0.0000000000
47856  39.475  -75.943  28.375 0.0000000000
104573  38.866  -75.393  29.026 0.0000000000
115818  34.695  -72.851  23.896 0.0000000000
23304  34.698  -72.602  24.552 0.0000000000
786  34.610  -73.097  23.238 0.0000000000
98715  34.199  -73.922  21.215 0.0000000000
17136  38.809  -74.704  29.212 0.0000000000
74516  36.452  -83.244  18.503 0.0000000000
74519  36.166  -83.621  17.052 0.0000000000
74520  35.947  -83.820  16.442 0.0000000000
33832  35.518  -83.568  16.069 0.0000000000
142588  36.890  -82.496  21.793 0.0000000000
33825  37.322  -82.555  22.029 0.0000000000
142589  37.319  -82.626  21.414 0.0000000000
33828  37.303  -82.806  20.849 0.0000000000
142605  34.836  -83.599  15.179 0.0000000000
142606  34.363  -83.355  14.833 0.0000000000
142580  37.777  -82.440  22.281 0.0000000000
33833  34.719  -82.973  15.226 0.0000000000
74525  34.175  -82.694  14.853 0.0000000000
33834  33.603  -82.444  14.473 0.0000000000
142577  37.518  -82.156  23.968 0.0000000000
142579  37.865  -82.334  22.929 0.0000000000
142613  33.545  -80.739  15.051 0.0000000000
33836  33.175  -81.132  14.559 0.0000000000
3796  38.352  -82.041  23.861 0.0000000000
142612  33.310  -80.148  15.183 0.0000000000
11475  39.168  -81.371  24.150 0.0000000000
57467  38.764  -81.776  23.962 0.0000000000
120411  33.717  -78.982  16.576 0.0000000000
3800  33.419  -79.272  15.957 0.0000000000
94384  39.160  -81.380  24.867 0.0000000000
120412  33.696  -78.043  17.230 0.0000000000
130271  35.822  -77.297  34.915 0.0000000000
64646  35.160  -76.849  34.734 0.0000000000
64645  34.855  -76.685  34.138 0.0000000000
130276  34.537  -76.250  32.878 0.0000000000
94382  39.554  -80.886  24.990 0.0000000000
94393  33.630  -77.154  17.813 0.0000000000
6017  36.255  -77.175  35.366 0.0000000000
23297  34.409  -75.212  32.272 0.0000000000
64650  34.475  -75.519  31.520 0.0000000000
115802  34.459  -75.107  30.856 0.0000000000
11473  39.913  -80.118  26.239 0.0000000000
57460  39.890  -80.299  25.360 0.0000000000
42197  33.875  -75.837  18.840 0.0000000000
42199  33.620  -76.168  18.322 0.0000000000
142495  37.332  -76.256  35.399 0.0000000000
142494  36.975  -76.745  35.166 0.0000000000
104563  36.568  -77.153  34.866 0.0000000000
115804  34.467  -74.644  30.211 0.0000000000
54191  34.491  -74.158  29.568 0.0000000000
120381  40.261  -79.442  26.363 0.0000000000
130320  33.726  -75.145  18.838 0.0000000000
74436  37.767  -75.597  34.066 0.0000000000
33796  37.583  -75.954  34.756 0.0000000000
74435  37.431  -76.159  33.869 0.0000000000
120376  40.033  -77.638  27.841 0.0000000000
92419  34.368  -72.959  28.995 0.0000000000
120378  40.456  -77.945  27.371 0.0000000000
25260  40.533  -78.870  26.576 0.0000000000
29418  33.900  -74.807  19.372 0.0000000000
142499  38.266  -74.621  33.621 0.0000000000
33797  37.873  -75.169  33.424 0.0000000000
10384  34.368  -72.516  28.343 0.0000000000
92422  34.469  -72.740  27.663 0.0000000000
64686  34.038  -74.488  19.950 0.0000000000
33800  38.033  -74.435  32.191 0.0000000000
142508  38.325  -74.210  33.043 0.0000000000
74447  38.211  -74.492  30.658 0.0000000000
47857  40.049  -76.312  27.870 0.0000000000
92423  34.403  -72.282  27.147 0.0000000000
54197  34.563  -72.575  26.489 0.0000000000
54201  34.604  -72.378  25.231 0.0000000000
157784  34.207  -72.986  21.931 0.0000000000
157786  33.939  -73.592  20.515 0.0000000000
142509  38.353  -73.790  32.463 0.0000000000
74446  38.159  -74.081  31.537 0.0000000000
33801  38.353  -73.787  30.961 0.0000000000
142512  38.486  -74.237  30.074 0.0000000000
104574  39.340  -75.206  28.464 0.0000000000
157772  34.444  -71.932  24.563 0.0000000000
157774  34.444  -72.445  23.266 0.0000000000
38938  34.247  -71.786  23.290 0.0000000000
157783  34.346  -72.696  22.620 0.0000000000
157785  34.066  -73.293  21.178 0.0000000000
74449  38.727  -73.999  29.444 0.0000000000
74448  39.192  -74.484  28.622 0.0000000000
74518  36.632  -83.772  17.398 0.0000000000
33831  36.429  -83.967  16.780 0.0000000000
33830  36.757  -83.587  18.137 0.0000000000
142601  35.754  -84.035  15.864 0.0000000000
142591  37.658  -82.793  20.374 0.0000000000
33829  37.080  -83.090  19.554 0.0000000000
142595  36.891  -83.334  18.872 0.0000000000
142602  35.282  -83.820  15.548 0.0000000000
142590  37.749  -82.604  20.956 0.0000000000
15352  34.036  -83.707  14.544 0.0000000000
6907  35.110  -84.089  15.089 0.0000000000
101362  34.615  -83.937  14.808 0.0000000000
46073  33.696  -84.094  14.272 0.0000000000
142581  37.768  -82.483  21.601 0.0000000000
120396  38.205  -82.257  21.801 0.0000000000
142607  33.809  -83.092  14.535 0.0000000000
142616  32.999  -82.213  14.131 0.0000000000
57471  38.299  -82.116  23.191 0.0000000000
25266  38.233  -82.192  22.476 0.0000000000
74533  32.768  -81.555  14.177 0.0000000000
74531  32.893  -80.540  14.675 0.0000000000
7817  31.768  -80.838  13.973 0.0000000000
57469  38.711  -81.817  23.290 0.0000000000
17163  32.599  -79.985  14.752 0.0000000000
120391  39.499  -80.936  23.599 0.0000000000
120392  39.435  -81.026  22.873 0.0000000000
104622  32.331  -79.424  14.933 0.0000000000
130269  35.301  -76.458  35.566 0.0000000000
120413  33.433  -78.343  16.621 0.0000000000
57483  33.176  -77.762  16.702 0.0000000000
120415  32.503  -78.450  15.619 0.0000000000
130268  35.941  -76.918  35.763 0.0000000000
29400  35.628  -76.535  36.145 0.0000000000
13868  34.999  -76.294  34.940 0.0000000000
3794  39.859  -80.394  24.437 0.0000000000
57482  32.935  -77.170  16.756 0.0000000000
74432  36.697  -76.876  35.710 0.0000000000
44588  34.655  -75.402  34.469 0.0000000000
13869  34.557  -75.825  33.642 0.0000000000
115801  34.386  -74.803  31.588 0.0000000000
306  33.470  -75.471  18.336 0.0000000000
11481  32.894  -76.240  17.262 0.0000000000
142493  37.351  -75.943  36.174 0.0000000000
33795  37.016  -76.458  35.981 0.0000000000
115799  34.382  -74.883  33.062 0.0000000000
23298  34.329  -74.357  30.939 0.0000000000
57461  40.255  -79.652  25.637 0.0000000000
142496  37.666  -75.692  35.575 0.0000000000
54189  34.264  -73.597  31.056 0.0000000000
10383  34.362  -73.421  29.661 0.0000000000
120382  40.627  -79.028  25.866 0.0000000000
157791  33.490  -74.525  18.791 0.0000000000
120365  38.527  -74.458  34.390 0.0000000000
142498  38.146  -75.027  34.221 0.0000000000
142497  37.917  -75.378  34.937 0.0000000000
41103  34.229  -72.259  29.129 0.0000000000
120380  40.967  -78.459  26.107 0.0000000000
157790  33.664  -74.193  19.335 0.0000000000
1698  38.643  -74.053  33.839 0.0000000000
41104  34.212  -71.832  28.525 0.0000000000
1699  40.074  -76.957  27.847 0.0000000000
47859  40.542  -76.611  27.427 0.0000000000
41105  34.319  -72.051  27.866 0.0000000000
38942  33.772  -72.984  20.500 0.0000000000
157789  33.804  -73.893  19.913 0.0000000000
47849  38.705  -73.599  33.261 0.0000000000
10386  34.239  -71.588  27.341 0.0000000000
92424  34.340  -71.830  26.641 0.0000000000
157768  34.297  -71.396  25.959 0.0000000000
157781  33.989  -71.389  22.691 0.0000000000
38941  34.061  -72.366  21.957 0.0000000000
17129  38.755  -73.144  32.702 0.0000000000
142510  38.391  -73.434  31.906 0.0000000000
142513  38.540  -73.503  30.333 0.0000000000
104575  39.754  -74.967  27.958 0.0000000000
157770  34.124  -70.961  25.336 0.0000000000
87102  33.997  -70.841  24.062 0.0000000000
157780  33.825  -70.731  22.817 0.0000000000
33802  38.734  -73.264  29.717 0.0000000000
7805  39.596  -74.261  28.091 0.0000000000
74450  39.090  -73.816  28.817 0.0000000000
304  38.359  -81.798  26.544 0.0000000000
1703  35.155  -80.905  18.132 0.0000000000
2705  35.370  -75.016  25.482 0.0000000000
2706  34.481  -72.094  25.944 0.0000000000
3790  37.319  -80.171  29.371 0.0000000000
3798  35.462  -80.149  20.811 0.0000000000
6021  36.981  -81.131  25.039 0.0000000000
6022  36.212  -78.024  25.238 0.0000000000
7813  36.604  -81.997  22.654 0.0000000000
7815  35.906  -83.164  17.298 0.0000000000
9566  33.787  -70.456  23.496 0.0000000000
11470  37.961  -81.151  28.058 0.0000000000
11476  38.372  -81.943  25.123 0.0000000000
11480  33.440  -77.460  17.254 0.0000000000
13874  36.019  -78.729  27.621 0.0000000000
13875  36.440  -79.184  26.468 0.0000000000
17132  36.615  -77.609  32.781 0.0000000000
17133  38.896  -77.639  28.819 0.0000000000
17137  39.918  -75.663  27.866 0.0000000000
17152  36.553  -80.256  23.965 0.0000000000
17153  36.838  -81.567  23.813 0.0000000000
17154  36.261  -80.828  22.910 0.0000000000
17156  35.863  -81.630  20.626 0.0000000000
17157  35.714  -81.875  19.309 0.0000000000
17160  35.254  -82.377  16.281 0.0000000000
17161  34.933  -81.176  16.632 0.0000000000
25253  38.280  -74.750  35.089 0.0000000000
25254  36.538  -79.279  30.703 0.0000000000
25258  39.945  -78.353  27.806 0.0000000000
25267  35.624  -77.987  21.854 0.0000000000
25274  32.880  -78.113  16.148 0.0000000000
29402  35.342  -78.174  32.960 0.0000000000
29403  34.583  -76.605  32.111 0.0000000000
29404  34.961  -78.049  31.929 0.0000000000
29407  36.922  -80.554  28.574 0.0000000000
29408  37.397  -81.411  27.229 0.0000000000
33824  37.470  -82.290  23.299 0.0000000000
33827  36.500  -82.343  21.492 0.0000000000
33835  33.883  -80.405  15.628 0.0000000000
33837  32.336  -82.015  13.880 0.0000000000
38937  34.187  -71.227  24.634 0.0000000000
42190  38.204  -81.538  27.276 0.0000000000
42191  38.559  -81.178  27.618 0.0000000000
42192  38.742  -81.442  26.865 0.0000000000
42198  34.046  -76.531  18.852 0.0000000000
42200  33.379  -76.503  17.812 0.0000000000
42201  33.172  -75.852  17.806 0.0000000000
46072  33.452  -83.476  14.272 0.0000000000
47850  35.996  -78.171  33.011 0.0000000000
47855  39.550  -76.649  28.335 0.0000000000
47874  36.168  -80.037  22.949 0.0000000000
47877  35.425  -81.390  18.756 0.0000000000
47881  35.072  -81.025  17.413 0.0000000000
54192  34.689  -74.426  28.807 0.0000000000
54196  34.904  -74.260  27.541 0.0000000000
54199  34.727  -72.863  25.813 0.0000000000
57450  36.972  -79.768  29.997 0.0000000000
57453  39.124  -79.991  28.122 0.0000000000
57454  38.645  -79.608  28.799 0.0000000000
57468  39.110  -81.424  23.430 0.0000000000
57473  35.460  -78.279  21.336 0.0000000000
57475  34.482  -77.868  18.950 0.0000000000
57477  34.756  -78.590  18.940 0.0000000000
64647  35.087  -77.247  33.985 0.0000000000
64648  35.347  -77.738  33.723 0.0000000000
64649  35.047  -77.749  33.219 0.0000000000
64651  34.458  -75.902  32.242 0.0000000000
64659  35.846  -79.184  30.131 0.0000000000
64660  36.351  -79.826  28.177 0.0000000000
64661  36.462  -79.985  28.733 0.0000000000
64662  36.715  -80.462  28.071 0.0000000000
64664  36.959  -80.838  27.400 0.0000000000
64668  36.585  -79.421  25.976 0.0000000000
64672  35.463  -75.539  26.066 0.0000000000
64681  35.285  -76.198  22.289 0.0000000000
74430  36.296  -76.765  36.183 0.0000000000
74431  36.627  -76.476  36.529 0.0000000000
74433  36.988  -76.768  33.736 0.0000000000
74434  37.217  -76.496  34.562 0.0000000000
74438  37.340  -78.231  30.626 0.0000000000
74499  37.238  -81.645  24.854 0.0000000000
74500  36.696  -81.767  23.224 0.0000000000
74502  36.980  -82.220  22.978 0.0000000000
74503  37.384  -82.433  22.660 0.0000000000
74513  37.209  -82.971  20.267 0.0000000000
74524  34.522  -82.328  15.305 0.0000000000
74526  33.997  -82.044  14.863 0.0000000000
74529  33.663  -79.842  15.802 0.0000000000
74530  32.196  -80.389  14.325 0.0000000000
74532  32.493  -80.950  14.255 0.0000000000
74534  32.060  -81.404  13.925 0.0000000000
87101  33.935  -70.557  24.752 0.0000000000
87103  34.253  -71.523  23.935 0.0000000000
87104  34.047  -71.138  23.359 0.0000000000
87111  33.883  -71.678  21.981 0.0000000000
87113  33.931  -72.684  21.224 0.0000000000
92417  34.264  -73.154  30.423 0.0000000000
92421  34.680  -73.514  27.591 0.0000000000
94381  39.592  -80.774  25.898 0.0000000000
94383  39.526  -80.903  24.280 0.0000000000
94385  38.765  -81.723  24.654 0.0000000000
94394  33.161  -76.850  17.278 0.0000000000
98691  34.881  -75.686  35.142 0.0000000000
98692  34.719  -76.048  34.279 0.0000000000
98693  34.659  -76.501  33.509 0.0000000000
98694  34.768  -76.191  30.076 0.0000000000
98703  36.516  -79.756  26.996 0.0000000000
98706  36.072  -77.832  25.817 0.0000000000
98708  35.350  -75.301  24.747 0.0000000000
98711  35.052  -75.268  22.868 0.0000000000
98714  34.478  -74.329  21.794 0.0000000000
104562  36.126  -77.450  34.514 0.0000000000
104602  36.716  -80.722  24.495 0.0000000000
104604  36.655  -80.977  23.905 0.0000000000
104616  35.574  -82.792  16.797 0.0000000000
104620  32.749  -79.029  15.492 0.0000000000
104621  33.017  -79.606  15.341 0.0000000000
104623  31.938  -79.836  14.441 0.0000000000
115803  34.366  -73.889  30.309 0.0000000000
115811  35.368  -75.270  26.802 0.0000000000
115813  34.863  -73.774  26.973 0.0000000000
115814  35.075  -74.027  26.336 0.0000000000
120366  36.219  -78.879  31.517 0.0000000000
120371  38.081  -79.780  29.210 0.0000000000
120377  40.535  -77.258  27.389 0.0000000000
120379  40.757  -78.237  26.735 0.0000000000
120397  35.880  -78.580  22.429 0.0000000000
120398  35.933  -79.443  22.437 0.0000000000
120400  35.502  -79.087  21.353 0.0000000000
120409  34.652  -79.767  17.631 0.0000000000
120410  34.248  -79.328  17.121 0.0000000000
120414  33.122  -78.693  16.059 0.0000000000
130270  35.554  -76.923  35.266 0.0000000000
130274  35.691  -78.465  32.695 0.0000000000
130275  34.448  -75.557  32.967 0.0000000000
130277  34.659  -76.954  32.753 0.0000000000
130280  34.858  -77.621  32.649 0.0000000000
130285  36.412  -79.528  30.311 0.0000000000
130287  36.157  -79.596  29.450 0.0000000000
130289  37.106  -80.424  28.993 0.0000000000
130290  37.410  -80.934  28.359 0.0000000000
130291  37.632  -81.428  27.645 0.0000000000
130298  36.788  -80.133  25.858 0.0000000000
130299  36.803  -80.372  25.160 0.0000000000
130304  35.826  -77.054  25.840 0.0000000000
130308  36.071  -77.478  24.635 0.0000000000
142502  37.153  -76.764  32.282 0.0000000000
142504  37.380  -76.465  31.614 0.0000000000
142506  37.646  -75.409  32.603 0.0000000000
142507  37.971  -74.802  32.811 0.0000000000
142573  37.975  -82.001  25.530 0.0000000000
142575  37.973  -82.158  24.266 0.0000000000
142578  37.923  -82.222  23.616 0.0000000000
142583  36.094  -81.027  22.411 0.0000000000
142584  36.267  -81.662  22.292 0.0000000000
142585  35.893  -81.424  21.271 0.0000000000
142586  36.170  -81.877  21.738 0.0000000000
142604  35.133  -83.264  15.647 0.0000000000
142608  33.239  -82.836  14.210 0.0000000000
142610  34.429  -80.761  16.110 0.0000000000
142614  33.773  -81.391  14.927 0.0000000000
142615  33.407  -81.785  14.478 0.0000000000
142617  32.574  -82.624  13.942 0.0000000000
157766  34.066  -70.935  27.361 0.0000000000
157771  34.378  -71.657  25.269 0.0000000000
157773  34.471  -72.178  23.914 0.0000000000
157782  34.182  -72.047  22.622 0.0000000000
157788  33.613  -73.280  19.909 0.0000000000
